2008-1 0 0 0 0 0 0 0 0 0 0 0 0 0 0 0 0 0 0 0 0 0 0 0 0 0 0 0 0 0 0 0
2008-2 0 0 0 0 0 0 0 0 0 0 0 0 0 0 0 0 0 0 0 0 0 0 0 0 0 0 0 0 0 0 0
2008-3 0 0 0 0 0 0 0 0 0 0 0 0 0 0 0 0 0 0 0 0 0 0 0 0 0 0 0 0 0 0 0
2008-4 0 0 0 0 0 0 0 0 0 0 0 0 0 0 0 0 0 0 0 0 0 0 0 0 0 0 0 0 0 0 0
2008-5 0 0 0 0 0 0 0 0 0 0 0 0 0 0 0 0 0 0 0 0 0 0 0 0 0 0 0 0 0 0 0
2008-6 0 0 0 0 0 0 0 0 0 0 0 0 0 0 0 0 0 0 0 0 0 0 0 0 0 0 0 0 0 0 0
2008-7 0 0 0 0 0 0 0 0 0 0 0 0 0 0 0 0 0 0 0 0 0 0 0 0 0 0 0 0 0 0 2
2008-8 93 72 97 252 414 399 458 365 190 154 369 444 437 521 503 230 243 615 838 816 971 977 427 362 734 953 1042 1122 948 479 386
2008-9 724 1169 1022 1044 1012 447 468 1080 1222 1116 1250 1147 454 416 3571 5795 5435 4857 4455 1647 1449 3377 3485 3272 3345 3156 1178 1227 2406 2742 0
2008-10 2540 2757 2324 976 844 2170 2400 2591 2448 2115 848 841 1838 2205 2026 2077 1978 883 815 1909 2228 2226 2166 1950 880 796 1594 2035 2080 1962 1726
2008-11 602 727 1548 2020 1827 2057 1874 808 751 1725 1737 1939 1755 1754 844 725 1582 1752 1853 1816 1684 748 704 1598 1914 1790 1276 1167 727 682 0
2008-12 1565 1805 1801 1875 1604 777 706 1652 1827 1782 1875 1730 778 662 1555 1711 1977 1825 1664 728 709 1444 1491 1040 451 608 640 785 1328 1598 1346
2009-1 748 1455 998 1064 1751 2174 2286 2108 2011 1026 1176 2049 2085 2194 2236 2016 964 1013 1959 2305 2303 2030 2104 1022 855 2042 2355 2332 2376 2212 1165
2009-2 1172 2121 2359 2604 2766 2493 1189 1101 2299 2567 2745 2864 2433 1077 1189 1873 2634 2482 2509 2337 1173 1260 2287 2603 2528 2780 2522 1094 0 0 0
2009-3 1102 2262 2468 2636 2606 2262 1111 1115 2458 2483 2410 2446 2427 1139 1114 2332 2273 2451 2248 2291 1140 977 2354 2448 2522 2431 2309 1145 1150 2334 2292
2009-4 2434 2613 2547 1216 1095 2339 2512 2637 2497 1729 1087 924 1856 2380 2738 2593 2425 1202 1160 2512 2870 2783 2623 2256 1258 1108 2341 2768 2760 2937 0
2009-5 2486 1338 1465 2598 2911 2919 3180 2896 1275 1208 2573 2966 3435 3408 2918 1381 1359 2813 3121 3165 3113 2854 1359 1326 2035 2977 3214 3186 3018 1408 1385
2009-6 2555 3169 3238 3658 3028 1404 1329 2804 3357 3414 3518 3145 1371 1341 3038 3233 3416 3503 2988 1442 1357 2974 3585 3478 3163 2995 1298 1329 3027 3354 0
2009-7 3180 3175 2369 1236 1135 2892 3447 3473 3618 3302 1506 1369 3265 3659 3644 3710 3244 1593 1415 3216 3450 3862 3715 3329 1580 1560 3142 3619 3743 3749 3230
2009-8 1418 1339 2996 3108 3431 3509 3138 1547 1451 3063 3379 3427 3631 3279 1441 1488 3202 3590 3642 3704 3042 1554 1482 3255 3725 3926 3515 3322 1604 1580 2762
2009-9 3154 3158 3439 3238 1486 1490 2480 3262 3557 3294 3209 1643 1600 3091 3401 3465 3387 3137 1487 1503 3036 3333 3457 3198 3117 1419 1401 3091 3407 3366 0
2009-10 3482 3068 1676 1533 3113 3429 3683 3806 3216 1651 1587 3153 3512 3578 3711 3092 1533 1664 3141 3663 3693 3764 3407 1794 1753 3143 3782 3873 3744 3323 1823
2009-11 1704 3359 3980 3923 4290 4127 2146 1983 3756 4369 3993 4357 3839 2062 1980 3727 4193 4332 4443 3646 1967 1904 3803 4113 4144 3203 2942 1850 1801 3583 0
2009-12 3785 4037 4353 3952 2040 1914 3943 4166 4073 4282 3905 2044 1926 3672 4184 4420 4048 3501 1858 1790 3449 3978 3612 2383 1201 1393 1604 2858 3268 3296 2581
2010-1 1526 1916 2034 3762 4002 4292 4396 4160 2269 2234 3823 4372 4516 4167 4205 2251 2143 4003 4807 4630 4604 4339 2232 2496 4127 4241 4573 4474 4173 2195 2282
2010-2 4122 4466 4458 4543 4273 2344 2130 3955 4450 4500 4286 4133 2128 2127 3644 4430 4649 4524 4171 2144 2186 4105 4292 4529 4544 3956 2193 2178 0 0 0
2010-3 3838 4531 4480 4376 4126 2170 2277 4102 4567 4609 4522 4033 2266 2153 3929 4459 4310 4176 4060 2276 2306 4190 4414 4374 4547 4099 2148 2068 3890 4267 4360
2010-4 3877 2956 1824 1849 3055 4158 4210 4253 4211 2244 2060 3964 4405 4445 4317 3951 2146 2228 4021 4367 4352 4464 4090 2191 2112 4195 4653 4498 4328 3811 0
2010-5 2013 1930 3569 4322 4361 4260 3952 2049 1887 4213 4408 4714 4040 4061 2085 2180 4347 4695 4649 4756 4310 2148 2082 4071 4570 4616 4586 4178 2085 2057 3166
2010-6 4206 4687 4638 4522 2340 2070 4208 4571 4739 4803 4298 1980 2175 4051 4612 4558 4696 4171 2170 2055 4355 4873 4723 4590 4093 2124 1979 4306 4833 4869 0
2010-7 4686 4061 1976 1939 3494 4668 4990 5199 4792 2301 2131 4366 5404 5034 5360 4826 2310 2289 4709 5218 5325 5390 4939 2365 2282 4627 5060 5355 5247 4736 2228
2010-8 2265 4656 5000 5122 5230 4759 2222 2249 4627 5214 5335 4952 4651 2341 2242 4684 5386 5480 5334 4792 2150 2485 4841 5320 5182 5289 4744 2349 2272 4524 5033
2010-9 4983 4931 4612 2322 2146 3635 4829 5082 4770 4308 2180 2253 4428 4774 4963 5044 4460 2289 2177 4617 5025 5111 4916 4768 2327 2415 4610 5082 4962 4973 0
2010-10 4619 2286 2230 4309 4786 5049 4982 4623 1789 2382 4471 5109 4994 5237 4830 2465 2499 4802 5245 5194 5408 4914 2712 2426 4850 5113 5439 5221 4828 2507 2587
2010-11 4548 5157 5470 5444 4989 2595 2498 4923 6064 5880 5705 5424 2896 2813 5388 5805 5841 5895 5460 2883 3082 5912 6012 5913 4924 4261 2947 3001 5233 6049 0
2010-12 5897 6175 5530 3094 3097 5585 5950 5900 5985 5476 2950 2801 5521 6015 6026 5772 5184 2810 2771 5085 5558 5453 4810 2941 1854 2016 3723 4300 4643 4640 3089
2011-1 2087 2741 4677 5842 6133 6120 5732 3051 3299 5796 6301 6510 6432 6026 3302 3459 5833 6242 6583 6762 6226 3529 3402 6290 6559 6438 6635 6125 3345 3492 6268
2011-2 6678 6819 6573 6225 3574 3620 6065 6519 6769 6807 6171 3452 3494 6054 6832 7144 7013 6496 3614 3775 6428 7172 7487 7306 6739 3680 3600 6720 0 0 0
2011-3 7145 7278 7356 7000 3947 3759 6872 7211 7791 7683 6896 3764 3890 6919 7443 7781 7711 6916 3762 3704 7063 8054 7641 7826 6889 3769 3984 7203 7854 7631 7806
2011-4 6836 3690 3739 6792 7901 8001 8135 7307 3693 3728 7392 7808 7921 7706 6928 3790 3762 7133 7669 7567 7393 5505 3575 3474 5666 7332 7864 7965 6627 3685 0
2011-5 3772 6206 7414 7807 7799 7030 3628 3540 6804 7749 7801 7635 7277 3650 3518 6988 7588 7691 7575 6981 3494 3494 7077 7665 7937 7791 6912 3528 3360 5697 7260
2011-6 7993 7000 6736 3492 3608 6838 7451 7486 7659 7000 3357 3429 6654 7766 7854 7894 7297 3683 3370 7084 8025 8065 7846 7114 3501 3458 6870 7641 7721 7548 0
2011-7 6619 3250 3262 5724 7175 7727 7717 7267 3614 3346 7330 8040 7965 7707 7159 3730 3627 7217 8174 7877 7877 7188 3673 3548 7271 7672 8071 8005 7226 3581 3523
2011-8 6875 7804 7982 8404 7682 3125 3760 7208 8010 8188 8217 7369 3625 3563 6317 7906 7924 8020 7093 3740 3507 7137 7610 8226 8167 7134 3481 3664 6731 7586 7544
2011-9 7095 6601 3334 3409 5779 7395 7637 7607 6907 3663 3522 7013 7622 7692 7710 6726 3803 3491 6965 7686 7985 7955 7096 3549 3511 7042 7746 7454 7232 6778 0
2011-10 3496 3276 6331 7182 7382 6850 6482 3483 3553 6561 7343 7491 7363 6930 3477 3462 6788 7477 7714 7499 7053 3651 3589 7057 7666 7205 7338 6594 3466 3320 6559
2011-11 7056 7816 7854 7443 3730 3771 6920 7689 7846 7853 7172 3816 3872 7537 8177 8412 8567 8083 4113 3963 7692 8204 8194 6913 6188 3918 4019 7581 8307 8348 0
2011-12 8280 7570 4185 4023 7439 8054 8433 8129 7417 4011 4076 7558 8164 8351 8025 7274 3871 3735 7105 7877 7772 7111 5787 3120 2475 3952 5512 6583 6619 5692 3178
2012-1 2857 5415 7514 8477 8660 7952 4375 4581 7654 8389 8672 8321 7918 3966 4203 7123 8428 8669 8602 7737 4424 4326 7726 8477 8628 8109 7582 4242 4310 7757 8636
2012-2 8639 8936 8186 4490 4439 7877 9113 9415 9321 8371 4553 4581 8338 8509 9220 9216 8517 4263 4790 8149 8970 9515 9767 8614 5062 4814 8392 9297 9003 0 0
2012-3 9246 8492 4569 4744 8395 9504 9142 8339 8179 4539 4603 8461 9254 9481 9388 8477 4650 4395 8511 8926 9371 9293 8393 4618 4271 8527 9387 9314 9456 8806 4684
2012-4 4493 8269 9385 9308 8598 6732 4500 4224 7208 8778 9143 9296 8670 4427 4546 8267 9089 9996 9747 8564 4660 4666 8522 9162 9331 9065 8476 4763 4320 7690 0
2012-5 7237 9057 9103 8717 4718 4245 7832 9120 8948 9281 8573 4314 3935 8298 9247 9187 8670 8250 4387 4276 8046 9098 9277 8873 8122 4090 3827 6889 8590 9118 8885
2012-6 8315 4187 4090 7558 8563 8949 8982 8206 4134 3914 7975 8974 9559 9158 8693 4263 3890 8551 9414 9484 9505 8789 4239 4098 8516 9577 9657 9243 8028 4185 0
2012-7 4017 8274 9199 7944 9024 8778 4378 4115 8739 9634 10037 9795 8919 4322 4216 8939 9110 10026 9692 8905 4234 4155 8784 9714 9906 9817 9049 4392 4292 8880 10017
2012-8 9542 9419 8996 4100 4138 8353 9356 9902 9534 8827 4013 4151 8620 9604 8554 9266 8499 4390 3885 8161 9273 9346 9371 8433 4327 4219 8285 9184 9711 9812 8642
2012-9 4301 4160 7194 8961 9367 9591 8692 4296 4244 8581 9391 9081 9570 8524 4013 4109 8466 9145 9006 9204 8621 4542 4324 8594 9232 9886 10074 8655 4340 4288 0
2012-10 8348 8993 9360 9779 9138 4727 4429 8522 9645 10116 10284 9351 4802 4742 8939 9922 10251 10174 9486 4886 4852 9269 9831 9436 9899 8634 4685 4438 8479 9006 9495
2012-11 9169 8706 5002 4790 9001 9491 9429 9805 8938 4669 4674 8358 8757 9418 9600 8963 4775 4826 9347 9922 9977 8798 7791 4796 4914 9185 10035 10587 10182 9049 0
2012-12 4941 5023 9026 10081 10490 10117 9001 5042 4948 8859 9560 10167 9952 8517 4539 4530 8585 9615 10146 9718 8292 4383 3896 5434 4076 6372 7682 7265 4921 4422 5514
2013-1 4242 7788 9081 8870 5396 5130 9066 10172 10217 10394 9806 5342 5120 8621 10091 10572 10111 9711 5228 5138 9024 10473 10747 10850 9570 5353 5276 9818 10324 10918 10654
2013-2 9929 5275 5343 9439 10687 10906 11130 10091 4774 5405 9406 10401 10622 10278 9491 5463 5320 9789 10946 11128 11057 10405 5820 5308 10101 11285 11526 11489 0 0 0
2013-3 10440 5725 5559 10169 11389 11900 11648 10372 5754 5680 10383 11772 11877 11608 10740 5941 5574 10278 11441 11885 11466 10566 5600 5773 10245 11090 10868 11049 8833 5460 5295
2013-4 8335 10961 11577 11308 10555 5741 5601 10517 11413 11569 10815 10553 5544 5486 9912 11132 11372 11179 10005 5509 5300 10221 11002 11345 11048 9943 5416 5330 10138 10108 0
2013-5 8530 10400 9745 5187 4905 9041 10377 10622 10069 9469 4994 4962 9538 10534 10974 10976 9783 5278 5053 9242 10393 10728 10986 9501 4702 4661 8290 10507 11196 10716 9843
2013-6 5225 4710 9103 10613 10879 10999 10006 5031 4832 9159 10133 10413 10575 9469 4811 4615 9410 10669 10850 10916 9923 5032 4730 9962 11015 11010 11093 9848 4994 4793 0
2013-7 9283 10721 10903 9379 9420 4604 4405 9655 11058 11038 10842 9862 4560 4558 9943 11117 11287 11425 10455 5055 4881 10206 11541 11703 11920 10984 5171 5058 10782 11363 11709
2013-8 11749 10757 5135 5065 10085 11175 11558 11158 9514 4886 5005 10067 11171 11528 9685 9805 5061 4863 9709 10666 11236 11418 10358 5213 5079 9664 10889 11128 11072 9922 5133
2013-9 4907 8635 10261 10936 10905 10126 5197 5072 9191 10653 10872 11188 10309 5009 5340 9759 11010 11082 10966 10209 5376 5195 10025 11447 11216 11537 10460 5347 5601 10010 0
2013-10 10805 10019 10830 10510 5396 5458 10397 11605 11919 11298 10156 5423 5338 9338 10659 11072 11240 10532 5606 5594 10911 11619 11644 11817 11217 5680 5593 10603 11762 11491 11030
2013-11 9297 5177 5448 9480 10600 11725 11448 10360 5698 5650 10396 11631 11886 11665 10681 6009 5813 10690 11827 11833 11780 10759 5980 5663 10604 11782 11542 9937 8971 5693 0
2013-12 5382 10191 11422 11768 12154 11048 5938 5934 10834 12070 12005 11847 10391 5540 5459 10616 11627 11786 11270 9686 5293 5050 8299 7211 4681 7220 8080 5378 5149 8755 7456
2014-1 4909 9636 10283 6393 5904 9938 11146 12013 12073 11300 6150 5931 10418 11241 11776 11775 11232 6200 6066 10606 12124 12117 12370 11216 6270 6079 11273 12357 12714 11982 10955
2014-2 6123 5874 10832 12064 12165 12249 11258 6295 6235 11089 12160 13031 12351 11339 6470 6107 10877 12837 13065 13193 12273 6987 6679 11941 13053 13169 13379 12327 0 0 0
2014-3 6546 6212 11363 12156 12572 12902 11774 6452 6132 11293 12118 12914 13040 11863 6210 6135 10841 12241 12882 12751 11505 6337 6151 11516 12131 12711 12376 11331 6189 5920 10807
2014-4 11680 12369 12340 11302 6231 6022 11030 11781 12159 11938 11086 6032 5563 10364 11310 11389 10908 8673 5886 5180 8797 11435 11782 11637 10969 5898 5733 10413 11266 10520 0
2014-5 8524 9162 5609 5243 9440 10419 11167 11097 9808 5272 5207 9681 10369 10762 10775 6689 4749 4615 9398 10437 10885 10582 9709 4838 4444 8073 9844 10613 9712 9253 4291
2014-6 4375 8684 9801 10204 10239 9268 4098 4447 8296 9997 9979 9646 9036 4433 4194 8200 9470 9831 9580 8684 4315 4373 8639 9758 10077 9650 9249 4390 4106 8581 0
2014-7 9118 10127 9986 7669 4390 4268 9126 9785 10239 9759 9112 4549 4290 8907 10124 10413 10442 9248 4965 4477 9323 10514 10765 10674 9465 4807 4592 8747 9334 10150 10294
2014-8 9156 4580 4395 8604 9447 9981 10056 9154 4544 4435 8997 10009 10288 9990 7706 4198 4256 8429 9587 9908 9872 9047 4639 4386 8455 9513 10150 9687 8331 4555 4151
2014-9 7548 9107 9717 9761 8633 4473 4469 8426 9413 9815 9969 9182 4508 4516 8702 9709 9959 9890 8934 4677 4564 8741 9962 10007 9869 9156 4590 4562 9084 9802 0
2014-10 9183 8647 7788 4446 4415 8040 9322 9537 9820 9087 4805 4715 8562 9846 9901 9846 8690 4751 4809 8915 9723 9458 9312 8450 4671 4788 8622 9760 9978 10349 8943
2014-11 4218 5111 8678 9937 10016 10168 9108 5119 4988 9226 9786 10082 9851 9216 4954 4991 9195 10054 10346 10240 9385 5146 5264 9131 10304 10067 8678 7747 4970 4947 0
2014-12 8762 9816 10503 10240 9266 5023 4984 8808 9892 9880 9880 8810 4836 4634 8841 9559 9481 9655 8165 4543 4263 7733 8051 6143 3796 5088 4209 4187 7177 7562 6133
2015-1 3828 6543 4832 4905 8339 8883 9445 9583 8982 5003 4839 8562 9499 9497 9383 8998 4950 4555 8676 10054 9912 9849 9037 4912 4965 8013 9703 10032 10192 8923 5053
2015-2 5009 8739 10046 10481 10338 9466 5399 5321 9364 10214 10519 10548 9466 4809 4890 8845 9513 10454 10686 9789 5631 5204 9484 10513 10609 10482 9804 5490 0 0 0
2015-3 5495 9376 10194 10452 10380 8961 5324 5132 9259 10131 10694 10369 9725 5197 5258 9620 10391 10425 10010 9379 5326 5258 9536 10049 10724 10036 9560 5393 5520 9789 10147
2015-4 10121 9816 7668 5015 4810 7955 10010 11065 11076 9963 5481 5170 9465 10458 11224 11980 11400 6044 5878 10951 11845 12393 12077 11033 5840 5987 10776 11223 11839 10980 0
2015-5 8140 5617 5442 9945 10807 11431 11167 9875 5274 5186 9929 11099 11100 10283 9806 5198 5194 9689 10680 11168 11169 9937 5144 4824 8066 10919 11353 11195 10234 5341 5007
2015-6 9639 10803 11382 10821 9812 5088 4896 9661 11069 11363 11131 9537 4851 4983 9547 10805 10991 10853 9879 4916 4737 9538 10857 10937 10885 9860 5067 5012 9575 10522 0
2015-7 10524 10542 8991 4792 4546 9829 10957 11264 11383 10205 5004 4921 9810 11031 11164 10815 9334 4729 4790 9523 10945 11366 11218 9937 4920 4944 9995 10938 11322 10575 9872
2015-8 4773 4661 9559 10518 10697 10684 9559 4698 4575 9628 10622 10731 10620 9268 4676 4821 9271 10576 10678 10588 9855 5061 4993 9572 10529 10641 10776 9588 4820 4699 8697
2015-9 9701 10343 10344 9267 4771 4763 8155 9899 10187 10396 9444 5056 4772 8898 10013 10670 9799 9812 5275 5002 9532 10549 10174 9980 9052 4960 4795 8852 10184 10011 0
2015-10 9742 8728 5042 4799 9054 9873 10405 10722 9717 5100 4928 9267 10314 10638 10353 9584 5164 5099 9464 10332 10272 9800 9373 5144 5265 9485 10508 10547 10507 9078 5008
2015-11 4699 9140 10105 10493 10304 9305 5270 4866 8827 9727 9200 9827 9206 5033 5101 9157 10145 10740 10884 9870 5323 5112 9645 10736 10083 9230 8042 5086 5155 9170 0
2015-12 10156 10404 10608 9594 5278 5213 9510 10305 10488 10420 9572 5372 5011 9622 10633 10552 10183 9079 4966 4799 8839 9322 9033 6266 3944 4010 4514 7714 8789 8694 6520
