2008-1 0 0 0 0 0 0 0 0 0 0 0 0 0 0 0 0 0 0 0 0 0 0 0 0 0 0 0 0 0 0 0
2008-2 0 0 0 0 0 0 0 0 0 0 0 0 0 0 0 0 0 0 0 0 0 0 0 0 0 0 0 0 0 0 0
2008-3 0 0 0 0 0 0 0 0 0 0 0 0 0 0 0 0 0 0 0 0 0 0 0 0 0 0 0 0 0 0 0
2008-4 0 0 0 0 0 0 0 0 0 0 0 0 0 0 0 0 0 0 0 0 0 0 0 0 0 0 0 0 0 0 0
2008-5 0 0 0 0 0 0 0 0 0 0 0 0 0 0 0 0 0 0 0 0 0 0 0 0 0 0 0 0 0 0 0
2008-6 0 0 0 0 0 0 0 0 0 0 0 0 0 0 0 0 0 0 0 0 0 0 0 0 0 0 0 0 0 0 0
2008-7 0 0 0 0 0 0 0 0 0 0 0 0 0 0 0 0 0 0 0 0 0 0 0 0 0 0 0 0 0 0 0
2008-8 3 4 1 10 13 25 18 14 1 5 11 19 16 21 11 5 10 13 16 23 20 18 3 7 17 13 12 26 15 10 2
2008-9 15 18 19 24 24 40 80 229 336 411 439 554 213 268 933 1663 1930 1963 2058 813 803 1791 2028 1882 1861 2045 758 758 1652 1744 0
2008-10 1651 1905 1649 690 609 1557 1735 1814 1887 1549 608 587 1351 1562 1542 1545 1458 577 599 1473 1710 1786 1785 1653 642 613 1259 1631 1602 1519 1357
2008-11 511 558 1150 1321 1449 1581 1582 660 609 1368 1500 1653 1477 1559 676 656 1219 1408 1487 1396 1478 616 669 1427 1466 1511 1004 993 607 712 0
2008-12 1365 1602 1592 1645 1431 653 613 1501 1591 1592 1631 1549 646 584 1581 1661 1736 1925 1737 729 706 1338 1448 1025 430 580 510 681 1254 1449 1462
2009-1 808 1544 1125 1114 1879 2130 2271 2271 2159 1006 1045 2025 2123 2299 2087 2128 845 887 1806 2166 2324 2050 2221 992 931 2151 2487 2155 2487 2606 1159
2009-2 1118 2134 2388 2692 2961 2819 1204 1244 2634 2731 2937 3063 2731 1157 1337 2155 2665 2768 2937 2748 1386 1483 2687 2890 2782 3061 3208 1261 0 0 0
2009-3 1335 2728 3087 3374 2997 2801 1263 1200 2745 2983 2983 3102 2809 1248 1525 2657 2922 3021 2653 2802 1286 1286 2782 2829 3211 3105 2769 1234 1178 2493 2744
2009-4 2666 3179 2966 1428 1208 2704 2893 3139 2984 2112 1303 992 2199 2698 3243 3182 2890 1387 1302 2708 3144 3016 3091 2814 1394 1331 2969 3398 3453 3280 0
2009-5 2999 1566 1667 3044 3415 3652 3835 3552 1551 1653 3185 3561 4128 4225 3539 1658 1551 3445 3757 4170 4107 3665 1749 1594 2697 3803 4127 4104 3710 1729 1805
2009-6 3302 4066 4047 4609 4036 1645 1563 3347 3999 4375 4370 4392 1753 1748 3725 4285 4406 4608 3918 1802 1808 4051 5095 4638 4437 3932 1754 1613 4071 4439 0
2009-7 4422 4210 3132 1625 1606 3975 4790 4714 4675 4555 1981 1888 4715 5033 4989 4898 4524 2074 1889 4440 4845 5350 5291 4722 2281 2238 4301 5122 4949 5102 4541
2009-8 1962 1923 4231 4298 4686 4950 4262 1929 2019 4071 4676 4995 5053 4534 1970 2381 4638 5064 5102 5494 4451 2123 2229 4585 5256 5364 5100 4769 2193 2253 4067
2009-9 4767 4666 5101 4714 2227 2137 3566 4718 4920 4850 4569 2344 2353 4327 4910 5201 4875 4517 1944 2335 4694 5007 5092 4687 4615 2183 2302 4418 4863 4847 0
2009-10 4878 4441 2332 2320 4446 5101 5234 5249 4735 2407 2408 4871 5044 5459 5515 4559 2398 2535 4764 5766 5447 5399 5212 2613 2498 4693 5782 5535 5834 4977 2465
2009-11 2525 4986 5350 5745 5999 5494 2923 3041 5505 6571 5847 6472 5546 2935 2803 5612 6256 6506 6479 5608 2843 2948 5415 5885 5873 4610 4396 2690 2820 5203 0
2009-12 5814 6061 6297 5933 2838 2880 5894 6381 6758 6403 5705 2965 3093 5511 6583 6823 6293 5635 2735 2613 5344 5799 5650 3457 1836 2079 2368 4246 4848 5155 4080
2010-1 2324 2929 3347 5791 6511 6694 7064 6481 3717 3675 6241 6666 6815 6926 6504 3416 3484 6411 7314 7434 7471 7066 3616 4030 6779 7014 7379 7290 6820 3524 3677
2010-2 6546 7178 7300 7369 6791 4039 3411 6573 7139 7173 7148 6890 3575 3632 5606 7060 7375 6892 6612 3513 3649 6647 7171 7329 7401 6220 3663 3842 0 0 0
2010-3 6043 7175 6953 7162 6797 3427 3617 6317 7389 7641 7356 6623 3560 3624 6724 7260 6988 6774 6577 3579 3798 6664 7040 7547 7320 6862 3355 3507 6293 6909 7204
2010-4 6279 5132 2758 3063 5217 6483 6748 7177 6698 3830 3460 6454 7096 7306 7316 6283 3373 3732 6404 7086 7369 7451 7045 3625 3646 7008 7713 7423 7078 6232 0
2010-5 3456 3328 5945 7261 7271 7064 6443 3216 3446 6664 7335 7648 6581 6191 3364 3733 6811 7469 7531 7527 7496 3377 3490 6358 7317 7994 7526 6757 3598 3682 5358
2010-6 7232 7953 7719 7282 3975 3782 7115 7957 8158 8075 7242 3126 3640 6898 7694 7907 7999 6922 3529 3467 7295 8204 8078 8055 7121 3678 3571 7297 8205 8545 0
2010-7 8144 7083 3447 3763 6343 8288 8498 9027 8218 4111 3995 8131 9486 9137 9350 8602 4067 4020 8248 8985 9393 9246 8454 4086 4137 7910 9131 9312 9164 8399 3989
2010-8 4051 7756 8895 8886 9210 8161 4083 4236 8442 9020 9148 9293 8573 4170 4630 8543 9376 9769 9995 8738 4132 4650 8933 9833 9368 9008 8546 4085 4327 7723 8705
2010-9 8788 8908 8129 4121 4179 6608 8849 9504 8991 8063 4003 4496 8420 9116 9281 9296 8734 4331 4098 8573 9449 9696 9328 8678 4385 4513 8708 9432 9459 9261 0
2010-10 8218 4323 4486 8094 8853 9892 9708 8849 3454 4547 8421 9704 9506 9902 9349 4655 5012 9047 9789 10099 10625 9509 5219 4777 9375 10068 10532 9913 8818 4563 4778
2010-11 8602 9662 10511 10465 9182 4881 5253 9894 11493 11438 10741 10145 5590 5299 9906 10563 10736 11042 10354 5456 5798 10634 11450 11490 9337 8144 5481 5907 9818 11523 0
2010-12 11314 12035 10722 5860 6013 11256 11534 11339 11414 10045 5997 5451 10475 11501 11363 11028 9924 5342 5426 9983 10473 10523 9066 5639 3429 3984 6813 8180 9082 9176 6116
2011-1 4356 5503 9213 10580 11799 12030 10955 5909 6662 11402 12313 12625 12894 11920 6198 7082 11647 12286 13275 13258 12119 7107 7135 12118 12800 12693 13159 12705 6913 7274 12630
2011-2 13335 13390 13154 12544 7400 7886 12102 13325 13727 13493 12501 7118 7441 12009 13089 13862 13791 12727 7640 7519 12512 13580 14581 14075 13004 6948 7214 13228 0 0 0
2011-3 14025 14080 13989 13721 7831 7549 13596 14296 15007 15259 13002 7412 7711 13814 15078 15713 14823 13552 7643 7770 13783 15714 15371 15395 13954 7743 8255 14413 15667 15573 16043
2011-4 14229 7732 7693 14149 15761 16059 15719 14926 7408 7968 14850 16135 16565 16410 14640 7747 8175 15202 15562 15498 15437 11949 7682 7550 11892 15362 16706 16660 13188 7914 0
2011-5 8403 13417 15474 16221 16363 14653 7658 7944 14606 16456 16507 16642 15457 7891 7773 14698 15878 16419 16460 14979 7423 7350 15257 16442 16499 16782 15176 7841 7747 12344 15763
2011-6 17138 15184 14793 7686 8052 14957 16127 16317 16861 14892 7318 7824 14326 16103 17255 16881 15380 8140 7700 15607 16486 17773 16652 15106 7480 7806 15438 16820 16899 16645 0
2011-7 13807 7047 7050 12124 15368 16625 16424 15868 7547 7664 15619 17312 17266 16868 15312 7861 7881 15474 17072 17073 17072 15662 7740 8024 15729 16896 17716 17244 15186 7316 7320
2011-8 15015 16923 17077 17386 16197 6521 8693 15765 17608 17335 18075 16255 8399 8451 14610 17017 17836 17851 16329 8445 8313 15361 16940 17706 17825 15504 7726 8240 14801 16434 16774
2011-9 16077 15221 7502 7924 12645 16120 16699 16002 15287 7908 8064 15712 17475 16958 16393 15057 7810 7648 15047 16483 17145 16586 14890 7547 7566 15292 16445 16292 15894 15475 0
2011-10 7489 7657 13903 15657 15874 14392 13775 7240 7757 14486 16091 15894 15473 15287 7609 7558 14687 16562 16651 16700 15068 8031 8183 15649 16950 16261 16157 14329 7389 8050 14365
2011-11 15637 16845 17310 15872 8407 8303 15293 16746 17806 17200 15563 8346 9024 16688 17897 18522 18926 17673 9221 9254 17437 18441 18341 15438 14256 8827 9373 17070 18809 18626 0
2011-12 18492 16967 9191 8944 16830 18259 19458 18131 16110 9184 9558 16758 18906 18958 17921 16028 8903 9135 16604 17818 17663 16699 13383 7183 5836 8761 12904 14747 14891 13224 7986
2012-1 7069 13417 17397 19569 19996 18135 10211 11269 17945 19359 20065 19670 18556 9089 9964 16972 19329 19454 19367 17561 10329 10311 18285 19144 19658 18897 17579 9486 10334 17919 20418
2012-2 19565 20475 18543 10350 10641 18398 20281 21114 21664 19422 10955 11102 19701 20518 20474 21080 19586 9821 11384 18831 21323 21473 23010 20741 11046 11479 19431 21941 21095 0 0
2012-3 21179 19703 10835 11275 19190 22081 21239 19768 19920 10754 11087 20238 21644 22308 21465 19970 10820 11219 20128 21958 22553 21880 19400 10737 10812 20264 21890 22286 22387 20335 10953
2012-4 11223 20353 22176 22848 21166 16049 10969 10765 17910 22095 22227 22816 21319 10917 11322 21015 23157 24145 24036 21202 11529 12169 21961 22326 23114 22601 21424 11587 11323 19218 0
2012-5 18713 22139 22998 21162 12212 11534 19771 22198 22329 23428 21173 10475 9843 21009 22750 22528 21297 21134 11473 11440 20747 22623 22945 22292 20394 10841 10235 17353 22002 23060 22103
2012-6 20549 10397 10643 19109 21782 22686 23493 21425 10737 10560 20651 23119 24586 24009 22525 11112 10550 22140 23931 25024 24688 22402 11468 11091 21948 25176 25598 23798 21499 11297 0
2012-7 10847 20611 24512 20124 22898 23463 11329 11172 22388 25245 25417 25333 23123 10812 11248 23453 24406 25441 24771 22113 10841 11255 22950 24843 25815 25141 22841 11596 10720 22947 25525
2012-8 24539 24590 22984 10897 10875 21789 23554 24326 24484 22537 9792 10787 22692 24397 22732 24124 22859 11908 10599 21363 23534 23918 25020 22628 11328 11709 21422 23907 25063 25213 22544
2012-9 11166 10723 18458 22924 24185 23902 21624 10953 11555 22162 23793 23408 24717 21717 9985 10798 21906 23157 23041 23405 22050 11351 11296 22306 24340 25014 25368 22472 11162 11366 0
2012-10 21672 22641 23760 24362 22599 12009 11863 22264 24660 25703 26030 24111 11974 12836 23942 25932 25867 26543 24502 12757 13010 24606 25803 24338 26137 23174 12423 12367 22845 23321 24912
2012-11 24334 22937 13011 12990 24235 25030 25067 25761 23430 12390 12683 22334 23707 25080 25435 23827 13080 13304 25786 26453 26041 23011 20441 12999 14033 24909 26743 28248 28159 24511 0
2012-12 13556 13510 24337 27093 27241 27257 25081 13640 13801 24713 26348 27330 26818 23784 12871 12908 24002 25696 27856 26614 23008 12009 11378 14789 11512 17160 21322 20917 14096 13040 16271
2013-1 12296 22990 25697 24841 14910 14899 25508 27908 28736 29384 27183 14710 15077 24444 27867 28191 28022 26700 14317 14334 25537 28709 30024 29533 26563 14679 14938 26948 28968 29590 29507
2013-2 27656 14772 14720 26241 29308 29634 29830 27125 12703 15222 25408 28801 29175 28421 26626 14772 14717 26868 30863 30290 30766 28577 16374 15315 28140 30905 32252 31661 0 0 0
2013-3 29081 16006 16033 28552 31527 33630 32973 29255 16801 16669 30028 33370 33021 32017 29802 15810 15259 29218 33052 33112 32303 29258 15637 15894 29025 30385 30355 30425 24657 15965 14846
2013-4 23746 30406 32325 31955 30086 15971 16136 29438 31853 32284 30875 29349 15012 16136 27829 31162 31619 30985 27690 15269 14974 29239 31581 31575 30609 28195 14462 14661 28193 28561 0
2013-5 24010 29704 27160 14167 13862 25526 29845 29229 28319 26954 13865 14724 27509 30953 30515 30897 27661 14669 14576 26837 30022 30582 31355 27280 13280 13292 22352 29177 31567 30076 28054
2013-6 14487 13975 27107 29800 30595 30845 28047 13872 13739 26715 29587 29526 29407 26715 13228 12905 27913 30944 30980 30491 27325 14049 13732 27837 31197 30728 31947 28471 13572 14144 0
2013-7 26666 30430 30811 25703 26547 12817 12911 27652 31264 30936 30553 28101 12895 13061 28969 32212 33418 32089 30479 14176 13559 29620 33040 33271 32584 30081 14823 13887 30032 32035 32741
2013-8 32538 28985 14773 13872 28846 30902 32415 31265 26349 13714 13787 28856 30979 31515 27862 28230 14095 13747 27736 29447 31080 31312 28660 14001 13878 27232 30321 31106 30893 27411 14294
2013-9 13779 24101 28571 29874 30081 28247 14060 14539 25804 29045 31099 30837 28709 14392 14756 28306 30678 30894 30285 27966 14509 14373 27701 30699 30097 31144 27883 14445 15040 28040 0
2013-10 29596 28294 30129 28430 14289 14893 28633 31745 33284 31672 28410 14804 15079 26240 29875 30217 30765 28106 14716 15554 29835 31019 31803 31949 29726 14969 15676 29177 32605 31663 30194
2013-11 25033 14382 15212 27147 29436 31736 32142 28949 15659 16191 29264 32152 33088 32649 28602 16002 16191 30256 32766 33180 32789 29855 16733 15785 29866 32914 31942 27642 24849 15608 0
2013-12 15372 29523 32231 32707 33213 31890 17240 17208 31319 33952 34277 33847 30005 15825 16282 31064 32684 33478 32073 27155 14832 14613 23891 20118 13123 20154 22855 15559 15415 25379 21815
2014-1 14483 27972 30410 19197 18284 30297 33324 35628 34750 32329 17693 17019 31440 32352 34541 34672 32599 17592 17635 30774 33903 34393 35452 31776 17442 17853 33122 34719 36125 34752 30789
2014-2 17636 16909 31101 35242 35471 34963 32086 17724 18246 32549 35730 36999 35814 32450 18298 17917 31768 37068 38407 37587 35041 20154 19250 35240 37746 38000 38513 35487 0 0 0
2014-3 18966 18739 33555 35984 37207 38271 34688 18773 18698 33754 34643 37864 36991 33353 18013 18630 31388 35418 36782 37717 32856 19185 18425 33827 35580 37203 37251 33429 17826 18256 32312
2014-4 34753 36226 36932 33473 18082 17975 33540 35025 36194 35362 33295 17373 16634 31434 33752 34216 33016 25620 16969 16005 25922 33684 34979 35950 32575 17570 17455 31623 33875 31502 0
2014-5 26235 27732 16791 16105 28993 31379 33786 33759 29544 15650 15970 30273 32955 34301 33899 20520 14742 14732 28646 32669 32563 32656 29919 14777 14301 24686 30866 32415 29898 28230 12721
2014-6 13874 27100 29894 31587 30590 27656 12656 13959 25598 30554 30927 29565 28088 13573 13548 26835 30123 30789 30358 27293 13493 13784 27454 30480 31384 29758 28096 13174 12868 26606 0
2014-7 27538 31546 30552 23164 13269 13283 30100 30545 31649 30593 28739 13919 13519 27683 30974 32661 31847 28351 14455 14117 29820 32708 34055 33186 28640 14578 14441 27562 30069 31638 31690
2014-8 27904 13598 13305 26955 29260 31408 31127 28252 14045 14542 28728 30371 31316 29856 23533 11555 11722 26728 29608 29988 29767 27065 13851 13335 26267 29795 29728 29872 25556 13271 12505
2014-9 22752 27661 28881 28669 25815 13436 13423 26873 28647 29666 30227 27336 13126 13889 26358 29373 29573 30232 26844 12062 13926 27167 29558 30037 29579 27401 13570 13925 27058 29513 0
2014-10 28510 26914 23509 12724 13431 25528 28449 29073 29816 27147 14072 14752 26551 29758 29281 29516 26609 14025 14317 27776 29083 28761 27610 24740 13900 14720 27105 29577 30619 30806 26980
2014-11 11693 14932 26794 30047 29662 30153 28000 14459 14209 27927 29153 30646 29373 27233 14299 14495 28269 29882 29940 30007 27305 14438 14659 28388 30348 29895 24937 22741 14088 14177 0
2014-12 27383 29547 30717 29696 27586 14598 15005 27830 29605 30161 30091 26832 13989 13694 26397 29211 29065 28864 25379 13031 12646 24191 24585 18253 11023 15551 12466 13479 22073 23827 19093
2015-1 11652 20731 15391 15806 26452 28652 29332 30509 28302 15537 15872 27673 30468 29584 29606 28146 14898 14674 27517 30850 30610 30789 29317 14884 15641 26709 30641 31477 31484 27565 14808
2015-2 15343 28154 31161 31506 31923 28825 15849 16254 29798 31734 31679 32681 29316 14338 15122 28544 29596 33016 32689 29499 17365 16007 30507 32725 33101 31937 30224 16241 0 0 0
2015-3 17110 30030 32256 32158 32019 28607 16238 16266 29657 32196 33912 31644 30232 15732 16675 30573 32498 32745 30271 29184 15345 16209 29930 32331 33015 30608 29794 16097 16824 30890 31001
2015-4 31040 29901 23348 15140 14307 25488 31053 33953 34395 31109 16960 16325 30249 32333 34837 36592 34533 18358 18680 34970 36613 38570 38383 34799 18405 18967 33727 36984 37377 34871 0
2015-5 25726 16903 17415 31167 34804 36071 35255 32007 16203 16284 32126 36387 35361 31865 31195 15881 15741 31305 34803 35142 35180 31293 15449 15284 24391 34920 35117 34968 32117 16770 16063
2015-6 30997 34040 35952 33906 31452 15136 15399 31549 35347 34920 35122 30318 14562 15163 30966 34114 34953 34265 30568 15435 14962 31122 34149 34898 33919 31141 15279 16075 31081 34343 0
2015-7 33828 32960 26737 15173 14411 32170 34047 35377 35279 31603 14993 15159 31093 34402 34696 33782 29538 14445 15287 30956 34290 35336 35138 31271 14864 15963 32285 35159 34692 33413 31208
2015-8 14476 14398 30157 33171 33365 33978 30217 14218 14428 30629 33648 34087 33740 29720 14729 15051 29911 33764 34497 33105 31044 15521 15639 31469 33753 34424 33739 30275 15216 14646 28919
2015-9 32179 33167 32736 29643 14600 15267 26058 31890 32488 33657 30969 15531 15497 30183 32008 33718 31556 30528 16970 15800 31157 33887 33178 32039 29704 15237 15632 29402 32392 31720 0
2015-10 31286 28198 15467 15527 30388 33793 35075 34530 31389 16174 15396 29935 33464 33763 33588 30787 16403 16672 32264 33725 34003 32546 30514 16430 16818 31931 34084 33991 33654 29837 15345
2015-11 15447 30656 32999 33845 33737 29756 16343 16327 29808 32829 30529 32536 30129 15984 16170 30442 34113 35757 36541 33064 17537 17392 32437 34643 33156 29177 25982 16580 16903 31481 0
2015-12 33612 34193 35789 32193 17107 17729 33406 36028 35660 34627 32250 17148 17565 33415 36692 36101 34995 31527 16248 16153 31217 32029 30933 21764 13698 14337 16192 27351 30885 30823 22705
