2008-1 0 0 0 0 0 0 0 0 0 0 0 0 0 0 0 0 0 0 0 0 0 0 0 0 0 0 0 0 0 0 0
2008-2 0 0 0 0 0 0 0 0 0 0 0 0 0 0 0 0 0 0 0 0 0 0 0 0 0 0 0 0 0 0 0
2008-3 0 0 0 0 0 0 0 0 0 0 0 0 0 0 0 0 0 0 0 0 0 0 0 0 0 0 0 0 0 0 0
2008-4 0 0 0 0 0 0 0 0 0 0 0 0 0 0 0 0 0 0 0 0 0 0 0 0 0 0 0 0 0 0 0
2008-5 0 0 0 0 0 0 0 0 0 0 0 0 0 0 0 0 0 0 0 0 0 0 0 0 0 0 0 0 0 0 0
2008-6 0 0 0 0 0 0 0 0 0 0 0 0 0 0 0 0 0 0 0 0 0 0 0 0 0 0 0 0 0 0 0
2008-7 0 0 0 0 0 0 0 0 0 0 0 0 0 0 0 0 0 0 0 0 0 0 0 0 0 0 0 0 0 0 4
2008-8 47 25 33 79 123 108 142 94 42 40 86 106 105 129 113 40 58 154 184 183 234 215 86 82 179 221 257 269 240 123 96
2008-9 185 287 247 257 269 109 112 284 312 303 331 279 111 101 709 1117 1147 1022 946 336 287 717 814 808 792 725 265 249 598 653 0
2008-10 625 640 537 219 225 515 605 659 663 582 191 194 512 616 548 600 533 206 188 489 604 620 575 516 214 217 434 574 584 548 489
2008-11 139 191 479 589 539 636 565 201 217 532 521 614 533 527 234 200 518 592 587 608 566 214 201 500 568 541 389 352 209 197 0
2008-12 464 552 559 587 516 221 212 491 556 575 581 488 218 184 510 551 571 566 481 175 181 411 419 289 122 175 176 179 357 447 320
2009-1 192 377 235 278 472 584 635 613 583 273 328 609 667 656 694 594 303 299 627 672 695 651 662 286 270 611 689 671 703 643 309
2009-2 289 611 714 795 789 700 338 310 714 786 808 885 711 290 306 608 728 764 756 681 320 367 735 800 807 866 772 323 0 0 0
2009-3 325 679 842 818 790 732 328 342 739 790 763 812 781 367 335 772 763 783 766 789 344 297 774 821 875 819 773 388 340 775 807
2009-4 864 889 762 363 363 744 870 874 819 566 360 329 639 764 860 814 831 363 381 838 954 902 872 783 429 385 825 942 904 994 0
2009-5 781 410 464 897 1028 1038 1113 1003 427 390 934 1087 1148 1104 979 432 433 973 1114 1085 1058 957 452 427 725 1006 1140 1136 1024 467 441
2009-6 927 1082 1145 1188 988 447 429 1001 1152 1221 1173 1063 443 431 1040 1136 1173 1222 946 432 487 1058 1250 1230 1141 1099 453 481 1109 1218 0
2009-7 1130 1162 822 406 379 1004 1248 1266 1250 1178 528 462 1159 1211 1341 1367 1174 568 503 1186 1282 1441 1396 1198 568 529 1199 1358 1397 1337 1212
2009-8 537 500 1138 1191 1308 1375 1178 550 538 1197 1276 1324 1328 1236 495 551 1240 1383 1377 1419 1134 557 532 1220 1384 1473 1419 1246 590 593 1157
2009-9 1221 1326 1384 1214 567 547 1007 1354 1364 1354 1255 574 594 1236 1343 1320 1355 1183 573 573 1196 1359 1371 1308 1191 537 574 1138 1329 1376 0
2009-10 1324 1207 653 591 1249 1411 1407 1502 1234 606 626 1290 1460 1413 1396 1190 587 605 1259 1475 1463 1494 1363 678 668 1315 1510 1512 1485 1322 705
2009-11 629 1309 1455 1571 1575 1463 719 748 1460 1683 1580 1644 1433 778 719 1479 1622 1679 1717 1422 743 704 1507 1606 1668 1284 1114 714 713 1461 0
2009-12 1564 1672 1584 1457 779 677 1500 1582 1593 1662 1489 731 722 1426 1632 1695 1575 1359 689 665 1380 1490 1399 934 481 509 645 1095 1282 1271 976
2010-1 605 737 754 1499 1567 1716 1782 1611 863 896 1572 1801 1878 1793 1675 929 883 1664 1899 1863 1961 1723 919 1002 1750 1712 1895 1850 1795 923 987
2010-2 1746 1943 1917 1896 1736 901 853 1678 1928 1980 1872 1786 928 899 1605 1877 2032 1961 1822 926 922 1841 1896 2002 1951 1713 943 907 0 0 0
2010-3 1714 1949 2067 2008 1823 947 984 1855 1973 2031 2033 1766 1011 954 1788 1989 1974 1922 1804 989 969 1822 2032 1994 1996 1814 958 966 1795 1891 1941
2010-4 1774 1365 825 832 1469 1858 2008 1954 1881 944 946 1809 2049 2045 2078 1825 984 1004 1887 2063 2097 2179 1910 1038 993 1941 2141 2095 1971 1749 0
2010-5 934 926 1727 2016 2046 2047 1797 968 935 1939 2074 2182 1954 1877 933 1027 2032 2125 2111 2243 1966 1001 979 1858 2094 2238 2162 1859 1042 953 1608
2010-6 2080 2228 2179 2071 1061 1009 2080 2232 2285 2321 2023 949 1041 1973 2183 2177 2235 1875 1033 1011 2123 2279 2188 2209 1980 952 927 2080 2317 2336 0
2010-7 2201 1930 963 888 1678 2236 2339 2407 2157 1087 1036 2231 2470 2490 2517 2318 1139 1033 2246 2521 2543 2524 2295 1090 1076 2281 2397 2573 2558 2240 1089
2010-8 1060 2342 2368 2548 2497 2280 1031 1105 2379 2506 2476 2565 2282 1151 1147 2381 2610 2653 2645 2215 1052 1205 2350 2508 2477 2582 2266 1087 1114 2156 2416
2010-9 2485 2458 2218 1142 1044 1880 2358 2579 2331 2145 1093 1077 2307 2385 2518 2471 2267 1168 1082 2328 2445 2473 2381 2323 1167 1189 2294 2507 2442 2411 0
2010-10 2179 1173 1138 2232 2397 2566 2498 2303 928 1240 2262 2503 2556 2635 2268 1181 1201 2358 2562 2602 2687 2407 1340 1220 2403 2526 2716 2570 2330 1258 1275
2010-11 2311 2444 2613 2606 2298 1302 1283 2473 2986 2772 2806 2577 1476 1392 2607 2755 2730 2895 2597 1456 1471 2782 2961 2811 2465 2046 1507 1412 2594 2888 0
2010-12 2867 2981 2660 1525 1546 2742 2945 2901 2909 2708 1481 1401 2722 2949 2898 2880 2464 1375 1407 2564 2691 2706 2294 1473 991 1069 1932 2156 2322 2253 1507
2011-1 971 1314 2252 2760 3006 2982 2834 1526 1581 2909 3167 3213 3228 2876 1569 1700 2980 3145 3305 3368 3083 1800 1672 3141 3250 3139 3354 3038 1709 1703 3159
2011-2 3263 3365 3403 2991 1840 1847 3197 3403 3467 3474 3194 1738 1800 3177 3473 3640 3596 3249 1791 1897 3354 3731 3844 3677 3331 1855 1783 3384 0 0 0
2011-3 3565 3712 3632 3443 1970 1911 3568 3736 3987 3776 3426 1833 1933 3645 3790 3858 3744 3442 1900 1927 3565 4027 3970 3793 3407 1929 2039 3651 3864 3725 3941
2011-4 3370 1857 1927 3554 4006 4122 4054 3562 1915 1915 3778 4022 3965 3947 3489 1998 1970 3669 4015 4019 3648 2862 1901 1776 2993 3770 4125 3988 3378 2018 0
2011-5 2024 3342 3763 3992 4054 3623 1897 1847 3650 4013 4130 3993 3697 1889 1874 3671 3890 3985 3939 3602 1830 1854 3724 3928 4043 4076 3447 1764 1763 3031 3710
2011-6 4005 3613 3418 1807 1878 3717 3797 3963 4059 3543 1728 1807 3537 3888 4047 4067 3573 1923 1761 3775 4089 4099 3991 3559 1792 1774 3688 3963 4062 3908 0
2011-7 3305 1695 1739 3089 3829 4064 4106 3747 1843 1806 3923 4156 4138 4154 3653 1864 1835 3845 4180 4081 4113 3702 1890 1819 3841 4151 4246 4143 3687 1857 1820
2011-8 3737 4135 4182 4423 3883 1707 1904 3852 4194 4315 4331 3770 1855 1849 3426 4103 4179 4139 3773 1985 1899 3713 4060 4190 4231 3673 1860 1880 3559 3872 3965
2011-9 3789 3546 1796 1827 3192 3993 4202 4098 3645 1999 1935 3807 4199 4139 4071 3654 2027 1892 3932 4176 4237 4180 3769 2000 1931 3901 4019 4128 3920 3647 0
2011-10 1830 1838 3459 3918 3972 3796 3536 1850 2024 3678 4063 4094 4038 3767 2025 1990 3774 4168 4281 4137 3777 2062 1997 3884 4048 3743 3989 3492 1880 1907 3643
2011-11 3958 4169 4253 4002 2041 2081 3844 4146 4234 4266 3813 2027 2110 4050 4294 4547 4507 4067 2249 2234 4187 4488 4350 3780 3378 2110 2140 4074 4454 4423 0
2011-12 4335 4038 2235 2174 4070 4431 4643 4353 3877 2238 2215 4148 4475 4466 4293 3786 2146 2020 3990 4097 4148 3714 3068 1656 1320 2313 3032 3513 3526 3011 1705
2012-1 1509 2924 3912 4366 4567 4034 2391 2392 4200 4485 4661 4644 4290 2213 2358 4020 4486 4497 4598 4132 2430 2353 4232 4695 4719 4396 4150 2396 2413 4350 4813
2012-2 4756 4839 4426 2524 2517 4453 4876 5074 5040 4543 2530 2619 4706 4794 5139 5103 4662 2455 2741 4709 5018 5250 5305 4784 2753 2730 4658 5156 5033 0 0
2012-3 5156 4715 2680 2698 4763 5194 5094 4763 4628 2564 2633 4932 5164 5262 5222 4648 2591 2569 4849 5107 5293 5252 4496 2585 2503 4850 5177 5285 5218 4672 2646
2012-4 2584 4766 5248 5288 4964 3688 2717 2485 4097 4969 5243 5379 4668 2528 2662 4834 5124 5524 5529 4877 2766 2792 5096 5279 5294 5175 4789 2723 2553 4430 0
2012-5 4179 5133 5200 4847 2762 2488 4579 5086 5239 5404 4743 2507 2375 4974 5281 5256 4923 4702 2561 2467 4682 5249 5287 5145 4609 2429 2265 3995 5024 5193 5028
2012-6 4673 2430 2423 4561 5026 5163 5237 4681 2409 2380 4753 5076 5470 5355 4838 2433 2408 5118 5391 5579 5633 4933 2477 2443 5032 5547 5625 5415 4814 2454 0
2012-7 2421 4890 5438 4627 5325 5071 2566 2447 5163 5623 5830 5743 5125 2472 2488 5349 5559 5829 5669 5124 2509 2571 5272 5559 5862 5745 5138 2558 2532 5252 5749
2012-8 5432 5473 5032 2472 2487 4984 5468 5587 5601 5033 2329 2480 5146 5433 4890 5418 4869 2590 2373 4764 5211 5454 5523 4915 2556 2470 4917 5327 5564 5637 4770
2012-9 2478 2474 4413 5204 5448 5511 4936 2571 2568 5103 5501 5457 5587 4970 2354 2487 5234 5395 5283 5390 5043 2688 2541 5211 5419 5711 5734 5005 2557 2480 0
2012-10 4918 5071 5465 5599 5051 2795 2698 4992 5550 5854 5838 5284 2744 2768 5390 5793 5910 5962 5326 2903 2930 5460 5680 5491 5711 4944 2771 2716 5192 5257 5562
2012-11 5417 5191 2909 2891 5436 5628 5716 5933 5190 2829 2869 5035 5285 5582 5736 5292 2985 3012 5641 5935 5829 5198 4548 2970 3087 5540 5997 6352 6118 5382 0
2012-12 3007 3161 5699 6063 6119 5960 5418 3123 3018 5518 5851 6034 5865 5108 2800 2831 5187 5631 5772 5472 4652 2545 2432 3170 2354 3714 4344 4183 2729 2577 3122
2013-1 2478 4622 5233 5262 3163 3002 5359 5873 6105 6109 5673 3109 3101 5306 6099 6185 6080 5636 3133 3098 5609 6269 6380 6380 5602 3154 3274 5884 6326 6518 6298
2013-2 5870 3241 3262 5878 6295 6614 6644 5884 2973 3400 5818 6292 6501 6287 5704 3376 3340 5969 6864 6683 6705 6164 3587 3320 6251 6737 6824 6852 0 0 0
2013-3 6007 3549 3494 6330 6836 7152 6989 6252 3470 3564 6456 6925 7023 7049 6206 3545 3439 6400 7043 7038 6826 6102 3505 3543 6420 6647 6593 6625 5243 3395 3317
2013-4 5332 6830 7019 6908 6317 3483 3627 6448 6995 7069 6514 6401 3410 3569 6193 6599 6792 6735 5946 3489 3282 6289 6714 6872 6686 5965 3295 3465 6081 6149 0
2013-5 5200 6315 5710 3227 3114 5560 6356 6348 6213 5617 3129 3078 5920 6418 6518 6665 5859 3184 3122 5691 6397 6567 6606 5680 2908 2890 5218 6293 6573 6537 5870
2013-6 3162 2986 5823 6349 6660 6581 6027 3143 3042 5775 6363 6341 6460 5874 2990 2922 6010 6624 6682 6729 5885 3099 2959 6137 6630 6755 6802 5940 3055 3006 0
2013-7 5837 6658 6665 5829 5512 2895 2801 6062 6687 6681 6783 5957 2890 2889 6324 6963 7069 7046 6266 3112 3114 6392 7052 7144 7036 6383 3201 3238 6464 6902 7015
2013-8 6956 6176 3089 3069 6203 6641 6937 6624 5611 2948 3052 6214 6715 6739 5767 5850 3123 3132 5955 6475 6646 6779 6108 3204 3111 5980 6492 6783 6673 5781 3149
2013-9 2995 5339 6176 6624 6521 5931 3155 3232 5708 6454 6645 6760 6088 3171 3304 6272 6674 6624 6784 6099 3371 3306 6150 6928 6857 6913 6107 3251 3409 6341 0
2013-10 6590 6168 6726 6291 3386 3402 6438 7043 7134 6917 6171 3396 3421 5852 6521 6806 6865 6268 3480 3532 6753 7111 7134 7307 6446 3471 3631 6565 7154 7051 6671
2013-11 5495 3224 3455 6056 6470 7038 7186 6417 3587 3688 6439 7130 7169 7094 6467 3767 3739 6749 7177 7461 7321 6644 3828 3781 6665 7247 7039 6190 5295 3593 0
2013-12 3537 6469 7088 7302 7209 6501 3745 3747 6645 7147 7217 7119 6114 3413 3532 6361 6894 6963 6704 5630 3093 3143 5126 4185 2792 4462 4781 3184 3184 5213 4103
2014-1 2880 5650 5980 3912 3601 6169 6745 7352 7173 6758 3754 3664 6595 6767 7232 7289 6752 3920 3760 6680 7344 7551 7554 6711 3944 3925 6953 7530 7735 7383 6617
2014-2 3875 3825 6712 7503 7616 7710 6981 4031 4176 7273 7767 7955 7638 6859 4057 4040 7034 7895 8276 8092 7474 4364 4342 7694 8047 8217 8252 7432 0 0 0
2014-3 4250 4144 7290 7877 8271 8124 7367 4203 4144 7480 7899 8399 8424 7349 4131 4186 7145 7965 8306 8227 7330 4241 4227 7333 7980 8242 7989 7134 4139 4089 7092
2014-4 7617 8094 7889 7180 4108 4149 7344 7864 7805 7712 7019 4058 3916 6885 7484 7606 7070 5762 3934 3540 5985 7545 7654 7471 7133 3907 3914 6968 7291 6784 0
2014-5 5750 6039 3740 3627 6272 6787 7175 7374 6345 3585 3517 6547 6985 7168 7162 4470 3341 3206 6390 6996 7294 7067 6301 3180 3173 5468 6539 6872 6459 6036 2777
2014-6 3110 5875 6584 6953 6851 6055 2843 3238 5782 6696 6595 6420 5817 3048 3025 5788 6623 6702 6623 5845 2988 3119 6016 6617 6832 6695 6180 2923 2882 6010 0
2014-7 6259 6763 6744 5080 2937 3035 6392 6639 6800 6645 6100 3003 2961 6232 6743 7075 6956 6102 3225 3067 6541 7110 7140 6990 6115 3197 3210 6012 6398 6726 6688
2014-8 5900 3054 2981 5901 6442 6835 6760 6076 3181 3135 6184 6773 6751 6634 4993 2918 2990 5867 6493 6599 6549 5941 3132 3137 5715 6441 6637 6434 5330 2947 2881
2014-9 5189 6111 6515 6481 5674 3154 3037 5829 6225 6688 6725 5945 3196 3222 6100 6558 6685 6838 5905 3197 3254 6140 6649 6715 6641 6179 3111 3217 6155 6534 0
2014-10 6345 5834 5124 3051 3205 5640 6184 6500 6659 6063 3330 3367 6156 6648 6692 6758 5770 3264 3304 6273 6595 6466 6265 5705 3277 3385 6067 6628 6871 6979 6018
2014-11 2833 3526 6087 6847 6782 6847 6272 3468 3553 6293 6658 6908 6666 6082 3494 3504 6471 7026 6917 6955 6227 3481 3702 6301 6847 6698 5758 5276 3429 3500 0
2014-12 6066 6668 6903 6878 6121 3401 3553 6150 6758 6685 6681 5861 3188 3265 5773 6180 6303 6170 5264 2832 2826 5216 5188 3932 2466 3413 2792 2851 4798 4987 3850
2015-1 2558 4784 3470 3587 6094 6502 7040 7266 6715 3707 3729 6677 7284 7277 7207 6694 3793 3644 6884 7533 7664 7590 6837 3759 3950 6240 7327 7901 7718 6790 3939
2015-2 3926 7000 7816 7960 7830 7116 4099 4221 7480 7852 7917 8223 7119 3698 3865 6965 7545 8086 8034 7195 4382 4254 7469 8045 8236 8218 7342 4020 0 0 0
2015-3 4242 7449 7937 8252 8069 6910 4105 4144 7387 8018 8384 8275 7483 4157 4238 7691 8148 8182 7992 7138 4128 4298 7522 8166 8453 7884 7415 4270 4360 7926 7904
2015-4 8033 7626 5973 4111 3767 6391 7613 8218 8302 7302 4048 4023 7326 7756 8042 8305 7638 4282 4475 7919 8392 8774 8701 7675 4284 4399 7882 8357 8376 7849 0
2015-5 5739 4011 4182 7307 7929 8375 8253 7251 3969 3985 7664 8285 8128 7845 7182 3952 3899 7434 8184 8369 8267 7287 3855 3705 6174 8159 8335 8367 7517 3987 4056
2015-6 7488 8184 8540 8209 7566 3822 3852 7469 8382 8579 8512 6998 3802 3783 7457 8216 8537 8262 7177 3806 3779 7549 8346 8514 8406 7457 3741 3902 7773 8251 0
2015-7 8284 8203 6568 3682 3524 7647 8452 8730 8722 7565 3807 3766 7816 8437 8474 8223 7031 3522 3675 7485 8244 8619 8623 7635 3812 3816 7994 8602 8667 8160 7311
2015-8 3616 3682 7481 8086 8474 8210 7216 3588 3647 7492 8194 8380 8289 6886 3628 3627 7331 8211 8271 8289 7210 3713 3849 7386 7973 8081 7951 6841 3585 3652 6981
2015-9 7649 7975 7898 6985 3724 3848 6369 7661 7734 7942 7151 3802 3786 7259 7874 8283 7557 7309 4022 3907 7376 8051 7878 7508 6710 3823 3803 6940 7854 7636 0
2015-10 7514 6654 3848 3797 7144 7894 8293 8525 7382 3972 3994 7373 8064 8332 8234 7353 4072 4097 7688 8351 7987 7769 7166 4052 4113 7694 8209 8290 8253 6985 3936
2015-11 3891 7363 7970 8186 8270 7326 4141 4156 7277 7775 7229 7839 7096 3974 4189 7376 8178 8422 8611 7637 4217 4188 7644 8233 7986 7161 6142 4129 4212 7422 0
2015-12 8017 8298 8699 7897 4418 4632 8177 8676 8739 8494 7774 4494 4400 7818 8575 8491 8246 7091 3973 3951 7274 7526 7026 5054 3287 3552 3817 6455 7276 6943 5042
