2008-1 25203 29964 5428 0 0 0 0 0 0 0 0 0 0 0 0 0 0 0 0 0 0 0 0 0 0 0 0 0 0 0 0
2008-2 0 0 0 0 0 0 0 0 0 0 0 0 0 0 0 0 0 0 0 0 0 0 0 0 0 0 0 0 0 0 0
2008-3 0 0 0 0 0 0 0 0 0 0 0 0 0 0 0 0 0 0 0 0 0 0 0 0 0 0 0 0 0 0 0
2008-4 0 0 0 0 0 0 0 0 0 0 0 0 0 0 0 0 0 0 0 0 0 0 0 0 0 0 0 0 0 0 0
2008-5 0 0 0 0 0 0 0 0 0 0 0 0 0 0 0 0 0 0 0 0 0 0 0 0 0 0 0 0 0 0 0
2008-6 0 0 0 0 0 0 0 0 0 0 0 0 0 0 0 0 0 0 0 0 0 0 0 0 0 0 0 0 0 0 0
2008-7 0 0 0 0 0 0 0 0 0 0 0 0 0 0 0 0 0 0 0 0 0 0 0 0 0 0 0 0 0 0 6
2008-8 193 451 589 1360 1457 1786 1638 1304 611 613 1017 1452 1419 1830 1557 885 962 2175 2571 3119 4132 3331 1589 1405 2643 3040 3041 3412 2806 1841 1700
2008-9 2296 3581 3389 3704 3265 1804 2090 3947 4016 4415 4580 4476 2062 2332 7183 12123 13847 14788 14354 7070 6595 11526 12319 12329 12956 11827 5437 5700 9664 9736 0
2008-10 10177 11226 10673 5414 5230 9962 9761 10136 9616 8932 4440 4338 7617 8538 9249 9264 8875 4641 4148 8396 8921 10238 9739 9247 4807 4909 7574 8406 8790 7831 7183
2008-11 2993 3447 6498 7548 7420 7562 7351 3400 3283 6411 6375 6807 6256 6296 3065 3346 6172 6554 6788 7407 7256 3386 3234 6704 8031 6915 5112 4787 2916 3040 0
2008-12 6061 6669 6947 6832 6766 3383 3379 6278 6856 6861 7069 6574 3453 3355 6442 7142 6805 7795 6567 3476 3404 6068 6002 4617 2377 3053 2819 3264 5542 6442 5798
2009-1 3904 6608 4950 4468 8213 9389 9585 10109 8953 4867 5864 8683 8995 8832 8692 7931 4829 4617 7745 8997 9192 9374 9396 4558 4703 8175 9960 9630 9937 9140 5260
2009-2 5792 9354 10109 10102 10487 9353 5282 5456 9159 9831 9995 10016 9647 4765 5001 7880 10271 9366 10724 9558 5574 5819 9495 10190 10060 9992 9663 4753 0 0 0
2009-3 5072 8449 9846 10227 10270 8312 4554 4694 8754 9660 9319 9472 9064 4530 4772 8379 8948 9060 9043 8774 4508 4307 8311 9291 8988 9744 8924 4497 4566 8738 8920
2009-4 8818 8926 8621 4721 4336 8896 9435 9147 8455 6879 4505 4136 7507 9283 10243 10260 9304 4745 5294 10381 9910 9847 9237 9088 4559 4583 9118 9997 9982 10338 0
2009-5 8637 4869 5067 9242 10620 10209 10657 9538 4760 4893 9175 10014 11113 10661 10150 5050 4848 9796 10980 11880 11891 10327 5201 5110 7342 10983 11643 11198 10588 5450 5485
2009-6 9509 10981 11508 11968 10883 4953 5205 9552 11449 11662 12042 10927 5590 5310 10632 11642 11390 12425 11317 5625 5460 11084 12473 12113 10873 10099 4992 4897 10926 11611 0
2009-7 11027 10789 8125 4609 4577 10851 12135 11674 11748 11977 5357 5366 11551 11945 11678 11374 10843 5209 5467 10787 12003 12675 11836 11454 5446 5368 11279 11789 12223 12575 11327
2009-8 5337 5903 10302 11009 11690 11299 10883 5647 5500 10920 12088 11022 11383 10786 5335 6715 11217 12213 12102 11828 11494 5515 6496 12774 13206 12870 13268 11842 5931 5641 10198
2009-9 10894 11484 11907 10800 5420 5364 8575 11635 12024 11177 11349 5907 5746 11211 11694 11742 11621 11390 5411 5386 10694 11941 11924 12150 11017 5344 5609 10006 11381 11216 0
2009-10 11818 11407 5597 5779 10921 11083 12071 12198 11013 6214 5883 11034 11634 12576 12286 10605 6066 6482 11609 12596 12651 12507 11643 5819 6321 11216 12459 12516 12481 11187 6227
2009-11 6311 12085 12663 12991 13045 12738 7167 7246 12074 13574 13148 13881 12934 7495 7432 13312 14197 13632 13786 12933 6802 6801 12912 13678 12710 10286 9301 5982 6170 11721 0
2009-12 12297 13626 13921 12629 6939 6928 13269 13502 13846 13957 13141 7268 7081 12734 13023 13957 13200 12229 6510 5930 11638 12981 11205 8028 4819 5029 5924 9240 11184 10851 8686
2010-1 5421 7153 8260 13943 14840 14605 15787 14352 8157 8230 14410 16418 15805 15199 14528 8501 8785 13899 15666 15596 15677 16198 8861 9315 15377 15506 15549 15579 14600 8393 8937
2010-2 15042 15719 16957 16620 15480 8713 8759 15083 15917 15751 16254 14565 8424 8381 13161 15062 15769 14654 14713 7969 8476 15001 15515 16207 16540 15350 8546 8328 0 0 0
2010-3 14227 15943 17387 15626 14803 8186 8135 14731 16213 16091 15295 14356 7859 7894 14695 16077 15390 15185 14305 8360 9155 14674 15071 15351 15264 14442 7974 7880 14198 14751 15709
2010-4 14436 11864 7966 6921 11447 14804 15053 14930 14083 7623 7941 14592 14936 15212 15151 14237 8224 8282 14364 15258 15285 15699 14703 8129 8135 15100 15672 15821 15848 14022 0
2010-5 7552 7992 13392 15330 15408 14712 13730 7544 7541 16120 16744 16607 15133 14889 8785 8863 15658 16985 17230 17307 16221 8175 9025 15113 17300 17317 16307 15073 7902 8217 12571
2010-6 15391 15929 16675 15421 8105 8427 15390 16690 16435 16379 15048 7165 8393 15110 15611 16217 16280 14673 8050 8135 15541 16635 16678 16081 15108 8337 7688 15213 16067 16375 0
2010-7 15304 14341 7239 7455 12885 16014 16381 17165 16110 8348 7928 15290 17605 19575 18211 17254 8073 8638 16226 17269 17680 18061 16315 8675 8658 16212 17980 17687 17292 15615 7898
2010-8 8593 16020 16211 17248 16611 16254 8437 8469 15955 17349 17541 16482 16051 8700 9241 16667 18121 18608 17672 16366 8913 9100 16630 18885 17851 17953 16647 8332 9028 15746 16460
2010-9 17230 17071 15679 8416 8372 11994 16901 17185 16472 15172 7869 8296 15257 16665 16813 17168 16235 8201 8281 16719 17004 17985 16539 15690 8370 8287 16344 17013 16982 16640 0
2010-10 15292 8099 8445 14675 16124 16617 16707 15224 6094 8015 15365 17075 17882 17591 16575 8500 9595 17205 19378 19619 18570 17144 9103 8561 15717 18252 18598 17642 16187 9303 8776
2010-11 15940 17704 18697 18862 16759 8906 9249 17119 18379 19679 18187 17073 9968 9545 17179 17995 17954 18680 16651 9525 9915 18317 18946 18544 14670 13530 9351 9892 17452 19466 0
2010-12 18144 18614 17601 10059 10090 18513 18722 19036 19380 17115 9326 9542 17901 18501 19020 18160 17468 9435 9685 16443 17810 17092 14920 9367 6210 7124 12044 13982 14682 14178 10075
2011-1 7529 9155 16002 18617 18459 18539 18332 10169 10844 17667 19791 20179 19986 19228 10486 10848 18582 19662 20962 21225 19539 12190 11796 20591 21558 21148 21656 20177 11108 12167 21110
2011-2 21908 21816 20874 20244 12349 12487 19972 22067 21971 21831 20351 11446 12313 20038 21977 21968 22914 20675 11305 12227 19939 22137 23495 23021 21052 12031 12225 21688 0 0 0
2011-3 23642 23281 22687 21719 12664 12341 21094 21603 23670 22909 20023 11456 12374 22249 22893 23163 22564 21132 11527 11653 21725 23682 22866 24283 21350 12308 12035 22520 22822 22835 23938
2011-4 24262 12257 11850 21541 24121 24599 24248 22357 12058 12656 23190 24515 25213 23816 22354 11668 12019 22250 24094 24184 24030 18674 12007 11681 18855 23638 25581 25579 22027 12318 0
2011-5 12828 20261 24438 25850 26696 24844 13044 13848 25579 27455 27591 27836 25653 13632 13818 25896 28076 27449 28440 25969 13265 13881 26274 28304 29027 28474 25753 13457 14575 20890 27655
2011-6 29941 26240 25823 14334 14448 25606 27690 28004 28602 26159 13287 14105 24705 29664 29482 29429 26904 14416 14510 28282 29577 30937 30932 26077 13726 13708 26753 28410 28793 27598 0
2011-7 23824 12605 12924 20640 26802 28685 27923 26732 13990 12878 27081 28745 29050 27939 25163 13570 13492 26334 28221 28077 29364 25755 13282 14028 26548 28537 28705 27973 25446 12854 13233
2011-8 24896 28415 28233 28909 26575 11962 14193 27622 29310 29398 30127 26677 13797 14159 25349 30370 30457 29851 26637 13372 13942 27070 29608 30327 29021 26020 13205 14006 26255 28968 28872
2011-9 28041 25508 13202 13809 21840 28654 28994 28200 25707 13769 14077 27318 29531 29417 28471 26149 13744 13997 25864 29668 29178 29044 25821 13824 13662 27222 29736 28529 27803 25945 0
2011-10 13139 13490 25571 28084 28460 25492 25040 13594 14110 25368 28672 28085 27416 26972 13349 13408 26103 28565 28197 28255 26291 13274 13859 26693 30299 28968 28224 25272 13394 13425 25422
2011-11 27056 29665 29910 27109 14532 14122 26610 30848 30637 30397 26811 14523 15506 29703 32302 33153 33363 30755 16137 16507 30818 33856 32179 26093 24152 15902 16799 31346 33318 33420 0
2011-12 31784 29413 15830 16264 29600 33160 33451 30534 28707 15025 15816 29498 31686 31910 31189 28410 14590 15196 29494 31069 29843 27604 22047 12190 10401 14616 21429 25051 25524 21925 13684
2012-1 12216 21458 30358 32080 33025 30227 17150 17980 31326 32553 33455 33815 31292 15848 17484 29809 34421 35230 35057 31853 17078 17277 31783 33939 34864 32685 30704 16246 18418 32518 35196
2012-2 35140 34513 32991 17592 17991 32268 35620 36300 35429 33018 17875 18639 33689 34621 35398 36109 33226 16483 19019 31938 36385 36974 37117 33515 18996 19372 33356 36675 35540 0 0
2012-3 34851 32300 17880 19914 32500 35809 35122 33259 31167 17440 18836 32967 34828 36240 35480 32066 17618 17870 32905 35350 36620 36182 31880 17412 18155 33540 36964 36817 36129 34222 18056
2012-4 18837 33430 36807 37429 34872 26271 17131 17321 28903 36105 38540 38767 34100 17830 18628 34433 36921 38820 38210 34357 19016 18810 35790 36734 37059 37637 35165 19086 18904 32394 0
2012-5 31299 37355 37767 35686 19303 18265 33274 38309 37522 38084 35191 17673 16733 35470 37795 37322 34583 33073 16768 17818 34911 39450 38090 38034 34082 18252 16800 28579 36891 38904 36923
2012-6 34139 17242 17760 31925 35690 37091 36437 35469 18072 17472 34657 38655 41343 39385 35092 18147 16967 37260 41401 40935 40008 35887 17869 17768 36924 40394 41350 40175 34843 17834 0
2012-7 17398 35620 39960 32651 37881 35997 18120 17924 37753 41572 41356 40749 37155 18294 18855 38829 40513 40715 41122 36383 18070 18208 37785 41313 40818 41213 36692 17523 17987 37276 41076
2012-8 40303 39962 35894 17807 17619 35831 39990 40450 40347 36606 15948 17582 36985 41044 37644 39828 36357 17749 17420 36569 40604 40392 40277 36371 19185 18589 36804 41007 41744 41622 36459
2012-9 18448 18146 30847 40347 41349 40979 37860 18567 18895 38488 41011 39569 40524 37761 17551 19036 37840 41277 40360 40289 37978 20391 20018 39065 42435 44077 43936 37684 19527 19670 0
2012-10 38283 41244 42828 43392 41473 21692 20647 38761 45497 47652 47990 41386 20399 21732 43322 45996 45813 46908 43357 23116 24422 45656 45106 44680 45748 43050 22154 22501 42206 43146 44578
2012-11 41850 39288 22474 23521 44017 46154 45614 45895 42370 22223 23226 41822 44179 47990 45734 42642 23181 22724 43586 47829 46749 40128 36186 23135 23828 45479 49139 50517 48367 43491 0
2012-12 23435 23948 44144 48318 49008 47838 42915 22547 23211 43624 46650 47690 47223 42254 21124 21880 42351 45723 62288 50824 41494 21737 20520 26916 21248 30730 36947 35348 23727 21989 27096
2013-1 20573 40520 45878 43890 24915 24320 43837 47896 49049 48562 44996 23767 25108 44327 48524 48815 48823 44339 24187 25160 44876 51000 52108 50865 44764 23973 24982 46719 50156 51055 50056
2013-2 46347 24013 24234 45224 51396 50480 50341 44992 21105 24462 44541 49787 50269 48130 43814 24250 24447 44883 52838 51674 50659 47304 25192 25107 47554 52531 53355 53707 0 0 0
2013-3 48365 25763 26052 49614 54499 55149 54426 48376 26189 26676 50710 55582 55541 55175 48547 26086 26108 49763 54738 54768 53381 47715 24880 26034 48480 52022 52134 51517 39315 24760 23422
2013-4 39001 52887 55007 54388 49401 26191 26321 49823 54233 54593 52500 48732 25019 25108 47939 52473 55036 53969 47519 24919 25746 49876 53453 54189 51747 47286 25335 24961 47880 48805 0
2013-5 41408 48643 44148 23650 22699 43387 50932 50647 47887 45246 24192 23287 46577 51179 51951 52053 47289 23790 24367 46229 51930 53447 53561 46930 22852 23706 39742 52340 54539 51558 47964
2013-6 24196 23744 48014 52354 52865 51371 47477 22924 23406 45814 50483 50283 50935 46616 22026 22650 47201 51878 52882 52604 46075 22524 22748 47842 53731 54120 52587 47252 23048 23087 0
2013-7 46483 51143 51806 41922 42333 21906 21756 48314 52962 53788 52795 46553 21271 21895 48991 52205 53935 53198 48468 22561 22633 48869 55438 54752 55000 49321 23857 23629 50632 54844 54358
2013-8 54147 48861 23493 23287 48397 53412 54751 52810 46015 22527 22731 48919 53539 54394 48085 45840 23338 22859 48029 51193 53471 52928 47173 22776 23420 46577 52482 54375 52785 46271 23076
2013-9 22758 39919 50395 52084 52637 47433 23788 23860 46919 51603 52470 52526 47499 22920 23714 48175 53455 52215 51569 48017 23255 24442 49179 53281 53377 53584 48209 23016 24226 48780 0
2013-10 52540 51240 52017 48356 23618 24689 50252 54923 55362 54295 48844 23486 24387 45862 51700 53605 53381 48096 24601 24922 50368 54310 54595 54378 47718 24334 25298 50835 54779 54577 51344
2013-11 43273 23171 26483 47847 52683 54977 55037 49631 25197 26418 49625 55682 55852 54422 50155 26125 26276 50578 55319 56246 55736 50025 25846 25524 49867 55482 53271 44833 40091 24349 0
2013-12 24490 50049 54830 56642 56039 49836 26628 26830 50856 56170 55644 55447 48418 24190 24927 55007 59641 58237 56515 47473 24397 24237 40671 32765 23425 32569 36816 24802 24674 41536 35216
2014-1 23391 46819 49179 28748 27684 49096 53938 57061 57978 53759 27399 27643 52992 55940 58020 57517 53024 28604 28055 51857 59021 59386 58571 53605 28031 28264 55301 59204 59916 57624 51838
2014-2 27999 27597 52052 58612 57985 58577 52857 28037 29511 55987 60585 62467 59942 53524 28067 27925 53943 61604 63143 63162 56662 30759 31127 59242 65999 65550 63188 57454 0 0 0
2014-3 30040 29676 55486 61171 61445 62957 56319 28998 29161 56744 58201 62499 60967 55437 27931 27839 53315 59048 61712 60409 54038 27595 28227 55339 59168 59515 59627 52603 26592 27192 52351
2014-4 58372 59056 57664 53549 26631 27130 54262 57399 59043 56435 50864 25910 25550 51892 55516 55505 51974 40637 25256 24065 40713 54875 57647 57567 51503 27056 27081 51833 56191 54086 0
2014-5 43759 46421 25422 26250 49250 53991 56564 55935 49889 25427 24439 52042 56481 56782 55430 35477 23915 24168 49486 55301 55363 54306 49596 23635 22727 40441 53002 55148 50672 47724 21291
2014-6 23042 46292 51772 55628 54273 48631 21547 23599 45473 52809 54861 51343 46698 22230 22064 47193 50771 52408 50727 45270 21517 22347 46198 51819 52744 51681 47245 22127 22631 46958 0
2014-7 49345 52994 51224 38991 21015 22471 49211 52655 53796 53565 47956 22339 21773 46704 53126 54201 53779 47212 22791 22781 49221 54220 54412 53511 48075 23091 23287 47568 51437 53219 52811
2014-8 46449 22309 22548 46486 52180 53659 52470 47195 22554 22625 48127 52768 53281 50895 41253 20673 21912 47366 52472 53828 52387 46956 22849 22475 44975 53045 53493 51378 44806 21931 22545
2014-9 39765 49708 52738 51422 45733 22649 22802 46680 49658 52553 52539 47736 23098 22971 48277 52942 53216 52653 46296 21980 23241 49064 53061 53541 52139 47052 22413 23343 48437 51770 0
2014-10 50716 48694 42676 22086 22337 45825 51680 53289 52410 46941 22627 23456 47138 52781 53636 52145 47527 23961 24187 49557 52706 51895 51045 45372 22867 23739 48918 52745 53505 52408 46084
2014-11 20108 24436 47096 52249 54231 53732 48521 23683 24394 48900 51393 52620 53213 47893 24066 25173 49378 54210 54425 53356 47672 24573 24636 49535 53269 51237 43172 39254 23149 24337 0
2014-12 48372 53250 53901 53687 48346 23740 24941 48855 53698 54362 53229 46761 23616 24042 57682 57895 57695 53957 46301 23630 23724 43362 43982 32363 21101 26178 21792 22899 39712 42647 33210
2015-1 21459 36225 25582 26762 47558 50584 53094 53697 49516 25968 26152 50816 54783 55122 53783 49825 26198 24403 48998 56072 56126 55890 50629 25270 26136 48581 55400 57475 55999 50883 25913
2015-2 26822 50060 55849 57094 55947 51576 26372 27361 53347 55782 57298 56443 50928 24398 25940 48359 52516 56902 56619 51543 27097 27457 53149 57654 58803 57079 50298 25730 0 0 0
2015-3 27344 51556 56253 57267 56043 48913 26438 25989 50147 56037 57430 56484 51011 25935 27022 52176 55196 57068 55485 50036 25800 26723 52237 56139 57743 55299 50282 26133 27123 52795 53527
2015-4 54248 52276 39945 25094 24041 42763 55630 59326 58435 52381 26762 26541 53058 57817 63852 70615 64783 33437 33076 65552 69792 70420 68990 62236 31761 32462 62517 67815 68638 65236 0
2015-5 46349 28926 30029 58654 65995 68564 68031 59436 29151 29002 60408 66382 68118 61115 57946 28994 30275 60745 66509 67335 66702 58996 28077 27450 46411 64460 67836 66180 59414 28882 29348
2015-6 59243 65442 67102 62959 57801 28106 29464 60396 66280 67391 65819 57368 27196 28692 59575 64654 66057 65694 57534 27224 26841 60171 65135 65936 65762 57571 27550 28935 60423 64855 0
2015-7 63045 62230 50173 26869 27040 60946 66751 67259 67818 58039 28170 28373 59999 64597 66440 64195 56458 27109 26968 58984 65210 67650 67011 60191 27751 28499 61811 67441 66648 64335 58314
2015-8 27219 27817 57852 63594 65360 63681 56344 26450 27243 58872 64698 65020 62849 55956 26481 28178 57502 64804 64806 63073 56965 27459 28032 58679 64932 63986 63775 56450 26778 26930 56273
2015-9 61526 63561 63096 55851 27100 27735 49773 62444 64115 64635 58067 28414 28256 58747 62907 65796 62659 57845 28739 28707 60693 65206 64135 61906 55357 27601 27535 57970 62465 63346 0
2015-10 60953 53637 27735 27599 57955 62861 64666 64013 58306 29431 28264 56171 64168 64179 63267 57697 28570 28992 59323 64072 63561 62845 56968 28773 29631 60300 64949 65068 64501 56225 27187
2015-11 28053 58161 63523 64842 64767 56973 28971 29898 58037 62584 59714 62893 56867 27908 29027 58041 64979 67212 67868 59896 29911 30992 62777 66941 64103 54587 49462 28342 29634 60360 0
2015-12 65397 66506 66555 59129 29455 30074 59809 63695 66080 65107 58355 29617 29426 68886 70839 69723 66002 59761 29799 29643 56585 60800 56181 38675 26323 25375 26872 47482 52207 53036 38419
