2008-1 6659 7650 1130 0 0 0 0 0 0 0 0 0 0 0 0 0 0 0 0 0 0 0 0 0 0 0 0 0 0 0 0
2008-2 0 0 0 0 0 0 0 0 0 0 0 0 0 0 0 0 0 0 0 0 0 0 0 0 0 0 0 0 0 0 0
2008-3 0 0 0 0 0 0 0 0 0 0 0 0 0 0 0 0 0 0 0 0 0 0 0 0 0 0 0 0 0 0 0
2008-4 0 0 0 0 0 0 0 0 0 0 0 0 0 0 0 0 0 0 0 0 0 0 0 0 0 0 0 0 0 0 0
2008-5 0 0 0 0 0 0 0 0 0 0 0 0 0 0 0 0 0 0 0 0 0 0 0 0 0 0 0 0 0 0 0
2008-6 0 0 0 0 0 0 0 0 0 0 0 0 0 0 0 0 0 0 0 0 0 0 0 0 0 0 0 0 0 0 0
2008-7 0 0 0 0 0 0 0 0 0 0 0 0 0 0 0 0 0 0 0 0 0 0 0 0 0 0 0 0 0 0 0
2008-8 50 107 100 260 272 211 211 213 46 46 122 127 197 161 131 61 68 139 227 223 374 427 145 95 196 310 295 293 263 145 123
2008-9 198 361 345 344 368 183 152 296 291 393 394 445 154 179 757 1408 1414 1677 1527 688 645 1149 1272 1396 1255 1161 612 613 989 963 0
2008-10 1129 981 953 381 395 950 1035 959 817 720 341 397 875 652 625 718 708 398 357 639 616 861 910 678 334 344 615 739 677 702 564
2008-11 263 382 623 614 632 640 555 237 239 495 418 477 492 457 300 303 432 495 527 566 646 445 225 570 708 641 389 406 200 232 0
2008-12 457 506 521 528 527 302 283 500 525 685 612 552 313 273 487 548 525 705 524 307 309 589 455 362 280 285 270 253 420 495 525
2009-1 334 596 348 365 600 661 725 774 629 366 417 574 748 651 788 740 514 371 722 776 767 945 735 436 442 693 894 728 747 744 437
2009-2 409 656 786 812 821 688 407 404 720 777 775 858 896 381 336 679 829 1038 1168 1152 1354 571 899 1016 1138 1016 1185 431 0 0 0
2009-3 557 909 986 1016 937 767 575 565 837 1033 915 1081 891 492 486 781 906 896 896 913 392 368 914 988 1034 985 942 593 460 969 870
2009-4 1069 895 916 447 410 880 882 993 859 740 464 512 740 951 808 1017 901 649 479 1005 944 885 967 792 518 539 801 1015 989 964 0
2009-5 877 432 498 847 904 974 1086 874 469 484 912 950 1131 1125 980 480 542 833 994 986 913 888 469 407 663 1085 815 933 949 411 502
2009-6 792 919 1058 917 1035 547 504 875 1088 936 1092 1007 462 578 977 961 1063 914 855 431 447 916 1300 943 990 1021 490 499 947 947 0
2009-7 968 939 811 482 434 927 924 994 906 1062 494 535 1029 1140 1024 1089 951 545 468 1099 949 1162 1200 1241 529 524 969 1091 1114 1042 994
2009-8 432 549 890 1028 991 989 882 527 533 957 1112 979 1287 1012 535 646 1035 1127 1035 1077 1067 493 536 1096 1160 1127 1184 1040 518 499 898
2009-9 1040 960 1123 934 476 497 723 1037 1053 976 939 517 502 1012 963 1015 977 957 487 521 984 1011 1089 984 888 536 481 848 1025 1007 0
2009-10 1155 924 503 382 879 995 1133 1068 970 557 556 991 985 1017 1058 884 533 609 1098 1159 1272 1142 1015 593 601 1025 1106 1171 1156 979 605
2009-11 611 1031 1178 1206 1189 1301 746 763 1106 1176 1152 1258 1220 596 624 1032 1267 1281 1161 1143 630 685 1083 1207 1186 830 827 597 673 1039 0
2009-12 1251 1442 1191 1141 694 719 1174 1291 1326 1208 1189 619 679 1247 1141 1265 1179 1033 567 569 1040 1233 1232 770 518 535 500 1077 1269 1167 885
2010-1 529 779 1006 1470 1488 1249 1382 1402 808 683 1440 1461 1488 1301 1284 944 911 1568 1500 1405 1377 1401 744 903 1343 1205 1234 1217 1190 828 847
2010-2 1276 1384 1460 1392 1334 903 1574 1713 1336 1492 1511 1798 1181 1028 1299 1348 1398 1328 1408 1024 923 1595 1426 1474 1418 1446 748 822 0 0 0
2010-3 1524 1384 1661 1608 1238 839 1185 1540 1804 1912 1688 1578 1066 1020 1734 1993 1573 1623 1598 1193 1444 1808 1488 1320 1430 1312 1190 1288 1561 1497 1682
2010-4 1241 1155 720 780 1039 1436 1427 1492 1529 1142 987 1248 1638 1285 1411 1220 778 975 1224 1610 1315 1310 1546 757 845 1146 1299 1367 1288 1251 0
2010-5 806 747 1118 1579 1414 1356 1489 866 902 1538 1627 1423 1480 1223 933 866 1386 1510 1590 1471 1296 693 875 1427 1431 1310 1445 1185 660 820 1008
2010-6 1207 1241 1266 1271 805 834 1410 1487 1324 1236 1265 716 734 1210 1409 1284 1389 1374 806 672 1296 1378 1287 1457 1466 837 643 1339 1254 1368 0
2010-7 1289 1232 753 629 948 1446 1410 1343 1279 777 691 1416 1466 1486 1491 1540 827 802 1341 1520 1523 1510 1422 815 775 1199 1676 1550 1704 1318 801
2010-8 753 1451 1507 1421 1494 1271 903 854 1349 1490 1494 1568 1478 769 874 1469 1467 1623 1548 1611 909 941 1500 1609 1414 1467 1484 786 870 1390 1388
2010-9 1535 1301 1370 764 758 1127 1421 1439 1425 1364 824 763 1265 1419 1564 1472 1463 813 965 1412 1542 1455 1502 1474 859 922 1430 1471 1430 1494 0
2010-10 1245 871 919 1232 1388 1402 1429 1261 584 833 1176 1374 1654 1595 1442 717 925 1426 1627 1506 1529 1554 943 838 1322 1506 1503 1547 1282 932 829
2010-11 1338 1402 1714 1605 1301 828 870 1470 1528 1587 1411 1458 1021 937 1415 1529 1493 1538 1423 831 914 1696 1617 1573 1311 1245 894 868 1717 1576 0
2010-12 1418 1583 1416 941 979 1847 1583 1655 1791 1533 930 1001 1740 1694 1696 1568 2068 973 865 1717 1701 1726 1558 1065 629 644 1225 1441 1933 1390 1081
2011-1 683 809 1431 1558 1836 1834 1748 1054 1204 1813 1833 1801 1807 1741 1248 1255 1987 1874 1982 1991 2166 1582 1390 2204 2208 2254 2142 2214 1319 1372 2294
2011-2 2418 2389 2504 2487 1855 1555 2234 2384 2454 2442 2242 1429 1377 2176 2476 2428 2269 2396 1413 1383 2379 2567 2871 2880 2739 1736 1534 2780 0 0 0
2011-3 3002 3084 2934 2707 1633 1694 2928 2919 3083 3273 3184 1937 1973 4035 4814 3806 3881 3543 2070 2598 3330 3602 3557 3683 3418 1951 1976 3293 3421 3231 3468
2011-4 3360 1693 2007 2812 3172 3493 3243 3083 1979 1933 2917 3321 3134 3184 2945 1905 1657 2840 2870 3142 2860 2423 1644 1438 2467 2818 2940 2926 2583 1751 0
2011-5 1533 2313 3101 3433 3223 3109 1877 1645 3477 3360 3046 3488 3065 1708 1943 3329 3843 3610 3404 3604 1968 1828 3310 3579 3313 3386 3270 1894 1871 3167 3587
2011-6 3708 3282 3291 2036 1942 3156 3395 3352 3309 3164 1829 1846 3325 3461 3457 3361 3195 2082 1748 3422 3622 3876 3677 3408 2268 2093 3449 4099 3963 3776 0
2011-7 3552 2445 2617 3603 4371 4547 4167 4196 2322 2467 4123 4531 4595 4256 3930 2515 2422 4178 4120 4269 4142 4135 2623 2722 4435 4492 4235 4428 3750 2295 2462
2011-8 3834 4306 4064 4168 3847 2394 2571 3975 4507 4584 4485 3992 2558 2464 4176 4518 4513 4744 4165 2815 2850 4428 4851 4787 5013 4550 3073 2848 4712 5077 5204
2011-9 4650 4580 2830 2978 4092 4912 4899 5023 4813 2921 2917 5243 5762 5723 5834 4664 3164 3478 5038 5346 5740 5287 4871 3021 2876 4830 5340 4836 5414 4848 0
2011-10 3266 3463 4868 4769 4780 4247 4090 3126 2961 4940 4628 4579 4499 4588 2678 2659 4281 4711 4743 4535 3861 2937 2633 4281 4715 4285 4077 3888 2593 2814 4092
2011-11 4546 4590 4881 4594 3127 2961 4675 5704 5319 5421 5060 3340 3739 5554 5426 5584 5983 5827 3741 3449 6418 6602 6534 5300 5090 3752 3695 5661 6105 5848 0
2011-12 6134 5440 3785 3414 5876 5855 6244 5697 5558 3923 3648 5660 5894 5585 5719 5474 3498 3148 5582 5859 5719 5556 4605 3007 2458 3247 5123 5199 4830 4443 2941
2012-1 2352 4280 5738 5816 5847 5711 3541 3657 5335 5969 5885 5486 5464 3398 3729 5131 5746 5915 5909 5341 3662 3492 5880 5985 5896 5092 5945 3520 3587 5818 6603
2012-2 6296 6030 5426 4045 3959 5726 6232 6413 6125 5443 3622 4112 6195 6131 6079 6237 5246 3272 3604 5585 6095 6395 6472 6208 3442 3704 6028 5856 5828 0 0
2012-3 5931 5511 3975 3916 5697 6184 5904 5570 5172 3397 3706 5758 6004 6002 6550 5917 3348 3985 5949 6141 5998 5772 5574 3702 3889 5753 6171 5944 6097 6010 4223
2012-4 4227 5940 6284 5978 6436 4867 3268 3151 5915 6011 6438 6445 6231 4267 3798 6119 7121 6694 6583 6525 4054 3883 6680 6152 6751 6118 6304 4026 4245 6993 0
2012-5 6655 6861 7444 6648 4796 4772 6772 6947 7300 6888 6401 4025 3791 6698 6957 6899 6221 7110 4152 4461 6904 7392 6753 7145 6195 4346 3846 5567 6842 6557 6252
2012-6 6119 4084 4036 6349 6534 7268 6815 6825 4394 4279 6822 7767 7568 7669 7119 4841 4090 7800 8337 7660 7860 7584 4393 4221 7630 7601 7536 7224 6619 4215 0
2012-7 4168 6874 7502 6956 7214 6687 4160 4354 7376 8341 7606 7950 7918 5088 4792 8049 8220 7944 7789 7357 4646 4170 7403 7772 8081 8120 7088 4228 4030 7577 8476
2012-8 7699 7456 6955 4198 4407 7414 7803 7405 8231 7333 4111 4291 7870 8211 7194 7655 7403 4353 4090 7041 7929 8200 7856 7780 4542 4326 7868 8606 8818 8871 7226
2012-9 4568 4516 6875 8306 8394 8253 7205 4503 4665 7850 8723 8170 7959 7415 4738 4603 7545 8571 7787 8109 7744 6005 5279 8911 8977 9668 9610 8674 5552 5680 0
2012-10 8908 9033 8757 8801 9286 6274 5500 9627 10173 10941 10910 8711 5283 6190 9555 9922 9898 10422 9411 6349 6172 10230 9725 9365 9861 10631 6362 6329 10001 9948 9858
2012-11 9074 9172 6356 5883 9894 9315 9331 9800 9558 5423 5390 8631 9637 9358 9231 9729 6191 6152 9585 10435 9550 8389 8323 5684 6190 10632 11593 11411 10641 10204 0
2012-12 6577 6120 10901 11219 10819 11063 10328 6436 6292 11606 11035 11270 10600 10276 6527 6706 11018 11284 13076 12489 10486 7041 6293 8444 6280 8754 9668 9046 6745 6045 7490
2013-1 5844 10225 10511 10124 7251 7373 10966 11176 11480 11349 10139 6810 7730 9960 11145 10961 11170 10841 7468 7670 11688 11442 11975 11854 10605 6366 6963 11634 11766 11547 11597
2013-2 10266 6945 6889 10095 11255 11939 11622 11006 6263 7091 11283 12157 11958 11193 10863 7230 7609 11762 12026 11979 11859 11653 7821 7381 12076 13934 13513 12932 0 0 0
2013-3 13576 8416 8326 13990 14818 14027 14682 13321 8855 9137 14109 15535 16045 14463 13626 9707 8843 14404 15029 15620 14597 13190 8095 9031 13349 14156 13499 15474 11849 8663 7950
2013-4 12633 14246 14955 14254 13707 8625 8064 14177 14185 15153 14045 13841 8025 8015 13892 14718 13714 13447 12153 7449 7699 12994 14407 13718 12964 12234 8136 7365 13450 13260 0
2013-5 10716 13156 12162 7749 7857 12396 13126 13427 13253 12911 8130 8015 13193 13447 13727 12991 12454 7978 8225 13642 13595 14004 13993 12673 7832 7815 11147 13424 13938 12964 13127
2013-6 8189 8117 13744 14230 13577 13992 13344 7880 8104 13736 14029 13865 13414 13093 7750 7794 13715 14579 14841 13962 13622 8762 8548 15373 15887 10637 9968 9002 5168 5402 0
2013-7 9329 9559 9199 8262 9076 5931 5299 10255 10233 10129 10090 9245 5072 5058 9850 10166 10244 10198 9303 5343 5177 9699 10691 10553 10455 9729 5767 5156 10240 11021 10285
2013-8 10050 9312 5600 5048 10170 10343 9436 9223 8391 4969 5386 9391 9580 9770 8865 8656 5589 5312 8833 9141 9618 9520 9013 5530 5073 8867 9785 9846 9515 8815 5054
2013-9 4710 7518 8984 9229 8976 8547 5085 5145 8258 9201 9822 9471 8507 5111 4827 8901 9238 9187 8924 8386 4859 4940 9070 9450 9423 9175 8461 5014 5158 9363 0
2013-10 9308 8798 9080 8479 5154 5020 8706 9936 9010 9530 8609 5060 4988 8335 9056 9201 9651 9041 5288 5073 9173 9040 9875 9130 8695 5546 5281 9260 9476 9519 8999
2013-11 7180 5194 4626 8516 8866 8991 8807 8243 5007 5466 9109 10343 9523 9133 8662 5310 5241 9735 9238 9713 9705 8746 5450 5385 9179 9281 9699 7758 7816 5074 0
2013-12 5239 9057 9525 9711 10355 9459 5889 5747 9690 10232 10101 9778 9599 5438 5487 11735 11233 10377 10315 9262 6142 5203 8391 7379 5073 7230 7742 6334 5638 8835 7627
2014-1 5596 9540 9542 7009 6822 9709 10017 10420 11120 9765 6300 6224 9775 9311 9805 9904 9478 5935 5845 10082 10521 10006 10565 10230 6212 6984 10103 10247 10534 10594 9517
2014-2 6035 6024 11153 10371 9898 9868 9069 5908 6084 9496 10289 10883 10383 10137 6541 5942 9976 11759 12153 11946 11858 7287 6562 11309 12583 12220 12110 11035 0 0 0
2014-3 7253 6396 10777 11688 11785 11486 10768 6595 6252 10757 11068 11050 10868 9865 6315 6222 10092 10982 11437 11077 10470 6183 6606 10580 11406 12088 11034 10440 6283 6191 9880
2014-4 10559 11283 11151 10408 5852 5843 10976 11070 10652 10527 10120 6126 5568 10619 10849 10639 10271 8273 5823 5443 9075 10436 11089 10665 9942 6775 6267 10901 11925 11949 0
2014-5 10111 10763 7466 6660 11433 12207 12861 13311 12145 7419 7311 12443 12225 12214 12202 8148 7151 7263 12015 12284 12351 12124 11670 6365 6256 9960 11971 11755 11343 10805 5716
2014-6 6249 11755 12342 11602 12062 10872 5903 6074 10803 12118 11426 11171 10468 6024 5584 10938 11248 11800 11100 10134 5890 5839 10964 11767 11712 10529 10148 5434 5900 10179 0
2014-7 11228 11351 11168 9464 5797 6437 11251 11323 11216 11186 10328 6358 5992 11016 11613 11771 11493 10482 6506 6276 10412 11158 12409 11836 9914 5712 6456 10572 10025 11065 10691
2014-8 9954 5628 5697 10052 11082 10763 10566 10040 5957 5920 10753 10422 10999 10260 8486 5555 7010 10526 10474 10452 10373 9664 5626 5974 9763 10327 10382 10489 8925 6066 6012
2014-9 8823 10281 10469 10547 9420 6103 5904 9859 9874 10715 10179 9631 5810 6315 10177 11166 11041 11068 10387 5882 6611 10756 10550 10690 10497 9839 6037 6196 10029 10848 0
2014-10 10477 9429 8374 5896 6012 9935 10537 10325 10542 9388 6053 6417 10169 10797 10731 10455 9602 6281 6592 10356 10827 9979 9805 9068 5775 6078 10425 11221 11154 10989 9509
2014-11 5256 6554 10096 10563 11576 10461 10182 6174 6250 10577 11577 11029 11283 10274 6027 6230 10382 10787 10897 10594 9810 6220 6253 10535 11463 10635 9260 8880 6180 5946 0
2014-12 10497 11314 11286 11840 10658 6334 6768 10528 11324 11091 10463 9959 7102 6517 15990 14043 12963 12181 11330 6458 6754 10522 10154 8092 5579 7390 6056 5582 9724 9806 7545
2015-1 5691 8507 6899 6471 10846 10897 11389 10921 10724 6842 6370 10672 10778 11058 10150 9782 6014 6230 10161 10779 11147 11206 10634 6583 7087 10674 11339 11507 11404 10648 6351
2015-2 6815 10664 11540 11638 11089 11112 7166 6271 11328 11421 11240 11144 10464 6058 6029 10213 10050 10910 11188 10578 6576 6793 10555 11077 11287 11026 10593 6322 0 0 0
2015-3 6728 11039 11482 11483 11153 9522 6436 6859 10893 11262 11296 10899 10541 6918 7631 11177 11656 11719 10998 11034 5932 6321 10545 11027 11612 10612 10350 6452 6357 10901 10101
2015-4 10954 10137 8565 5734 5835 9620 11232 11871 11918 10675 6419 6503 11752 11298 12235 14508 13378 7988 7539 13521 13770 13793 12991 11894 7600 7384 12274 13043 13008 12463 0
2015-5 9797 6837 7194 12228 12866 13155 12575 11359 6872 6979 12648 13914 12463 11977 11627 6617 6675 12298 13734 13390 12983 11700 6732 6895 10746 13328 13557 12800 12118 7196 6655
2015-6 12571 12662 13130 12660 11888 6505 6638 12038 13511 13628 12057 10769 7025 6732 11792 12455 12945 12407 11658 6747 6130 12017 12246 11770 11888 10711 6452 6721 11975 11940 0
2015-7 11393 11969 10048 6324 5605 12006 12228 12266 11973 11524 6320 6026 11965 12581 12280 11496 11538 6372 6468 11890 11732 12622 12030 10581 6648 6327 11422 11846 11890 12117 10775
2015-8 6457 6168 11113 11542 11808 11659 11328 6538 6364 11550 11760 12251 11895 11088 6221 6389 11261 11881 12095 12931 10261 6437 6211 10591 10808 11560 11485 11040 6402 6534 11006
2015-9 11216 11314 11771 11044 6875 6242 10200 11971 12308 11756 11369 7037 6620 11707 11840 11802 11660 11267 7158 7530 11262 12157 12503 11482 10393 6777 6444 11442 12366 11883 0
2015-10 11229 9593 6529 6813 11393 12223 11670 11819 12269 7070 6785 11122 11773 11401 11427 11766 7088 6996 12038 12196 11787 10939 10704 6598 7445 11649 12349 12208 11813 10954 6918
2015-11 6035 11149 12271 12040 12676 10531 6807 6846 11281 11038 10177 11088 10535 6560 6254 10730 12029 12186 12372 11682 7684 7374 12447 12672 12210 10606 9984 7450 7056 12239 0
2015-12 11936 11947 12264 11207 7037 6888 11976 12657 12490 12445 11564 7055 6708 14169 13780 13525 13187 11843 7795 7448 12065 11895 11560 8395 5821 6362 6556 10219 10797 10849 9088
